300000 300000
4168
31 6
731 1
1674 1
327 1
2 223
2 776
3 170
4 36
5 178
43 3
7 25
68 25
16 47
36 34
182 1
2 78
3 315
200 2
8 142
69508 9
224 3
34 8
15 30
3 257
1 270
2 436
899 190
848 1
24 14
5 84
120 2
13 20
74 2
6 100
3 2
140 18
49 21
28 10
102 1
9 127
31 15
142 6
1 613
1 40
3 147
4 35
2 184
7 22
154 2
46 23
119 31
39 29
1 406
1 89
2 73
1 1271
3 288
404 2
5 204
1 1478
9 9
1 442
34 3
15 103
110 4
24 21
5 93
1 17721
173 1
2245 4
284 4
13 13
237 1
1 176
1 1915
1876 1
3 11
13314 1
13 5
210 6
28 1
728 2
45 9
2015 3
53 7
1 64
40 4
4 42
278 2
8 45
7 15
6429 1
16 29
290 1
993 1
1 82
93 1
130 13
22 7
5 53
44 16
401 1
47 5
105 6
17 50
56 115
10139 1
972 1
2 572
4 328
5 70
355 1
10 19
13 6
87 3
531 2
198 2
1 137
2 313
38 22
3 112
25 3
153 4
321 2
1 299
18 98
1 58
4 17
5986 1
7 4
65 5
1 531
16 20
472 1
1 198
19 1
2 91
2 2773
22 30
5 62
6 265
118 2
83 28
47 2
551 1
1 7728
17 43
59 7
1 273
898 1
37 13
241 2
701 1
281 1
10 26
169 6
164 6
1 130
38 9
3 121
556 1
25 4
99 13
136 1
50 4
124 3
14 38
53 9
1 51
2 163
3 134
4 24
78 3
7 125
29 48
2 4070
414 1
19 6
2 82
3 279
5 39
44 6
118 5
47 11
1 679
56 1
7 166
8089 3
352 2
110 1
6 78
9 506
10 5
195 3
3 63
109 4
1 155
4 55980
121 1
766 4
1 191
1 52
153 1
535 4
3 143
4 7
7 122
91 3
12 71
16 2
143 1
1 498
2 45
115 3
5 32
226 2
7 316
9 37
155 2
69 3
146 7
254 1
41 19
809 1
2 521
23 11
6 65
10 12
11 918
5 61
948 7
68 492
1 156
2 258
4697 2
4 127
260 1
1 1648
63 1
7 148
106 9
1507 1
4 4457
1 13
75 2
39 24
4 14
657 1
7 115
942 1
29 2
140 11
325 1
25688 4
19 20
2 36
41 7
115 8
5 41
174 2
9 46
47 25
2 202
3116 7
1155 1
180 1
254 8
1 356
6 427
6 56
32 8
106 3
624 7
677 3
1 149
3 108
4 102
5 459
245 1
11 28
27 26
50 49
241 1
14 59
58 33
1 6
2 140
3 688
2 179
25 136
33 15
100 1
31 19
29 27
507 1
1 460
2 498
2 63
265 6
41 8
5 18
526 1
50 75
362 1
56 22
20 4
2 539
59 35
42 41
23 25
6 51
45 12
10 62
32 15
35 10
788 1
3 85
4 109
60 2
171 1
93 35
85 6
364 1
14 2
199 2
1 31
2 135
3 265
97 3
2 2515
26 1
137 2
2925 4
15 33
54 4
2 54
1 1062
9 38
5 27
79 4
10 86
708 1
47 47
288 1
3 120
17 8
91 1
202 4
20 3
42 16
23 22
6 42
45 5
1538 1
32 6
1 572
1 231
57 2
517 1
3 90
4 84
8 111
2453 1
11 10
196 6
14 5
1 16
263 1
39 7
11 48096
26 8
7 94
12 107
17 112
17 30
2 49
4 138
5 4
6 146
890 1
1 263
34 75
17 1
20 10
3 50
6 45
10 32
7 171
32 29
425 1
1 248
2 230
168 2
295 1
8 22
82 5
11 3
14 12
3 67
1 105
554 1
1381 1
150 1
26 19
48 12
3629 1
51 9
18 41
19 48
2 8
1 1072
5 13
9 74
412 1
88 2
215 1
240 3
91 31
128 3
3 1781
20 17
3 59
3 398
42 2
6 36
10 43
1505 3
1 389
70 1
35 33
1 241
57 12
168 9
1 2437
4 407
8 29
4 267
33 11
1 98
2 144
3 217
22 87
13 40
61 8
7 76
48 3
12 25
12 102
1 296
2 3
24 44
5 118
2 1732
82 286
101 2
30 6
88 9
141 1
17 243
91 20
1 345
20 24
3 32
178 2
6 31
227 11
449 5
13 71
29629 2
31519 2
18 18
1 8394
1 726
403 1
8 4
16 174
33 12
107 5
72 33
36 15
1 123
2 107
258 1
2 2487
61 1
7 69
12 16
15 5
73 6
2 26
1 2805
98 6
111 2
7 218
138 7
30 9
323 1
1 33
1 338
55 3
1 1480
166 2
59 109
6 22
64 9
27 113
855 1
178 1
1 628
2 886
1 536
1 195
1694 1
3 182
4 72
373 9
8 11
11 53
121 57
11 54
33 5
15 413
16 16
1 124
1 1552
440 1
3 199
243 1
7 66
12 15
13 151
15 2
73 15
2 21
48 68
98 1
2 2922
209 2
27 7
678 5
52 5
1 171
3 46
77 11
6 9
3 6297
524 1
360 1
821 2
1 942
18 4
92 3
1 1679
21 9
4 55
117 5
7 42
46 3
1 495
1 117
2 125
58 14
169 1
2 64
9 21
12 6
104 3
1618 1
24 1
5 97
851 1
160 5
138 9
447 1
1 450
632 1
163 3
1 172
2 338
1 1498
3 23
26 74
25 38
64 7
10 51
302 1
413 2
89 1
2 197
21 18
4 62
4 134
8 57
7 35
46 10
11 36
152 7
968 1
3 2122
1 78
2 116
4 94
1 954
6 290
9 30
83 3
11 181
31 227
15 16
37 3
2 999
222 1
24 8
5 106
1 280
1 165
3 28
888 1
620 3
31 1
14 75
200 3
92 17
114 2
4 37
43 2
8 32
7 24
1117 1
2 160
14 506
253 2
697 1
1 71
2 79
58 16
22 10
133 29
9 7
1 443
1996 1
15 25
552 1
1 269
148 1
24 15
5 83
62 28
3627 1
179 9
35 122
1049 3
1 190
3 5
23 94
410 1
1 22135
1 995
1 47
866 1
4 44
882 1
8 39
7 17
233 5
68 1
10 64
1 88
2 70
80 4
28 7114
9 8
10 134
1725 1
1 262
1 1127
441 2
24 22
244 4
62 7
51 10
284 5
13 12
87 5
1 183
93 4
3 10
99 30
28 2
139 1
877 19
53 6
127 3
1 32
40 5
3 155
4 43
384 1
7 14
65 3
250 1
16 30
1 827
1 81
2 65
22 4
3 1202
24 40
73 60
47 4
2572 1
1 287
256 1
59 1
5 69
10 16
3056 2
87 2
125 229
1 709
1 136
3 115
25 2
7 502
10 342
321 1
50 10
124 5
1 354
1 57
256 22
3 128
4 18
7 7
65 4
1 5903
176 1
2 88
846 2
310 1
426 2
9 58
1040 1
1340 11
526 42
16 63
1523 1
269 3
17 42
1 272
401 2
2 564
4 254
3 1224
20 28
10 27
12 176
21 138
1 734
1 129
1087 1
96 1
2 126
136 2
7 1281
50 5
235 3
346 2
1 50
153 2
275 2
3 137
4 25
1753 1
1 1363
374 1
29 15
274 2
16 12
1 821
1 504
19 9
2 83
22 22
5 38
5 499
9 35
47 10
56 2
2 409
183 1
1 1098
220 1
352 3
5 439
6 79
10 2
84 13
528 6
195 2
394 1
109 3
1 154
2 264
38 1
3 97
149 2
25 12
8 116
9 59
2 7023
1 576
1 11
2 187
292 6
98 272
9 219
374 24
29 8
103 1
16 3
105 15
1 497
19 14
2 42
95 4
115 2
5 47
19 28
9 36
69 2
34 36
17 36
56 9
365 1
3 428
3 549
23 10
6 70
1 686
10 13
13 48
1105 1
18 61
1 147
2 259
260 2
111 33
76 69
72 24
1 12
75 5
164 1
1 414
4 15
12 26
1 641
29 1
103 62
14 26
56 31
1 775
1 458
2 37
41 6
22 32
5 40
15960 2
47 24
1 379
2 363
23 3
6 57
134 2
2 728
217 3
35 4
146 1
4 103
4 444
63 9
1 11579
1 5
2 141
77 7
26 7
100 2
137 24
211 1
13 91
5 3076
54 2
2 499
2 60
48 6
4 133
5 17
66 1
17 22
1 380
20 5
1134 3
498 11
134 5
10 482
119 4
35 13
328 1
4 110
60 3
2576 1
73 2
7 926
1649 3
11 20
14 3
72 6
53 108
1 427
1 30
2 132
97 2
7 96
137 1
16 104
15 32
236 6
1 452
2 55
206 8
5 26
79 7
248 1
219 2
3 364
17 15
1 1848
20 12
314 1
427 2
10 38
32 7
341 3
270 1
18 38
1 230
57 1
14 31
8 16
82 11
11 13
13 139
14 10
72 13
1 23
39 6
26 9
7 89
122 5
51 3
492 1
2 14
2 233
369 17
4 139
5 3
705 2
190 1
30 21
20 11
3 53
116 7
6 34
10 33
3 11575
16 781
1 255
4 92
8 23
82 2
11 2
16 11
14 13
1 104
2 150
221 2
3 211
150 6
61 14
261 1
246 10
122 12
51 8
20 579
1 1612
520 1
677 2
5 12
3 1601
372 1
13 316
88 3
1 148
1 668
1 327
55 12
20 18
3 58
42 3
6 37
10 40
585 1
2 7122
181 1
1 240
2 254
1 1390
3 75
4 91
1 3301
63 45
193 6
9 60
1263 7
36 1
1 97
2 145
164 4
443 1
7341 2
48 4
89 22
1 311
471 2
79 15
4 1027
27 8
101 1
11 281
30 7
74 126
5378 1
1 344
55 5
20 25
3 35
6 28
252 2
363 1
18 19
1 201
2 249
21 6
95 3
8 5
7 55
135 2
33 3
107 4
1327 2
218 1
1 439
329 2
147 7
1 1168
4291 1
2 1247
12 17
5 72
15 4
1 893
2 1718
2 430
2 27
1 1840
480 1
27 1
10 75
19 325
212 3
30 14
138 6
1 337
55 2
1 2994
23 53
6 23
249 2
289 1
18 10
1 194
1 5995
8 12
7 44
11 41
329 3
33 4
385 1
144 1
1 965
1 392
1 115
2 99
58 4
4 216
93 2
9638 1
9 19
283 3
12 8
86 3
197 4
2307 1
1 886
1 313
2 18
1 1050
4 184
209 1
27 6
315 8
1450 1
35 70
1 743
1 170
2 344
3 17
6 14
64 1
18 30
14 126
53 33
18 5
1 219
14 60
21 8
4 48
8 51
7 37
11 46
157 3
342 1
453 2
1 385
1 116
2 122
2 679
243 9
6 296
9 20
12 7
15 10
1 847
1 306
555 1
24 2
5 96
151 1
123 3
163 2
1 163
274 3
20 54
3 22
77 3
277 22
6 1
30 2050
139 29
413 1
1 617
1 220
21 17
4 63
5 183
10689 1
7 34
7 31
14 18
268 1
71 1
1 77
7 41
3 308
280 4
9 29
83 2
194 3
12 62
95 5
34 15
15 19
1 267
37 2
737 1
24 9
5 105
13 25
16 259
287 5
1 164
592 1
3 31
188 1
484 2
1 415
166 1
1 213
114 3
4 38
43 5
1 3290
7 27
3 1291
16 33
309 6
1 403
1 70
2 76
8 50
22 11
80 14
1176 4
9 6
83 11
1083 1
108 1
1 857
679 1
1 1133
24 16
5 82
444 3
51 11
13 18
15 17
1 189
534 1
185 3
3 4
28 4
31 9
1 46
40 31
3 149
4 45
2 6
7 16
27 96
29 35
12 93
68 2
179 1
92 7
1 404
1 95
2 71
22 2
5 202
133 5
6 285
9 15
2 4964
2192 3
647 1
34 1
2 1303
1 261
1 516
5 9525
170 26
62 4
10 22
13 11
1 707
716 1
2 316
3 13
296 1
99 1
5 52
28 3
3260 2
53 5
127 2
1 39
6072 1
40 6
3 154
4 20
7 9
65 2
189 54
361 1
16 31
215 3
1 80
93 31
41 41
22 5
5 51
2 3031
9 48
1 4339
12 43
405 1
216 1
1 326
17 48
1 286
256 2
241 15
4 330
6 82
10 17
466 2
13 4
103 17
642 1
1 143
25 1
100 9
14 93
1 185
1 56
2 166
40 13
1 2841
4 19
5 171
7 6
1678 1
3 181
19 3
2 89
130 2
4 162
5 60
118 14
9 57
12 34
158 1
269 2
1 279
1 438
1 1136
5 77
7 6014
10 24
30 95
54 5
2 98
338 3
35 16
1 128
420 1
96 2
223 1
25 10
8 78
136 3
249 49
50 2
33 90
14 36
53 23
1 49
2 161
27 160
4 26
78 1
29 14
485 1
16 13
201 7
19 8
2 80
112 3
5 37
6 262
9 34
7753 3
340 1
56 3
15 106
77 72
23 12
10 3
1994 28
195 5
10 150
109 2
1 153
38 6
3 96
149 1
1 3214
5 189
9 1611
3090 1
53 16
1 10
59 4
3 241
4 1
78 8
512 42
7 116
742 115
29 7
5 64
16 4
59 332
12 38
19 17
2 43
3 286
96 8
9 43
155 4
12 208
69 1
52 79
17 27
110 9
1 2004
131 3
8 564
23 5
3 183
10 10
1 3292
1 559
1 146
2 256
120 4
331 1
4 121
25 20
63 3
11 25
45 4
359 2
14 54
1 3
75 4
310 11
186 1
4 8
5 134
100 4
942 7
19 22
2 34
2 623
41 5
5 23
9 44
83 53
448 1
3 259
30 33
251 1
180 3
2 507
94 2
23 2
6 62
134 3
7 165
106 1
3 1367
35 7
1 235
257 1
4 96
60 5
25 29
8 99
1827 1
63 8
13 441
14 57
532 1
1 4
2 138
97 8
26 4
2616 1
2 1107
37 24
54 3
2 496
2 61
4475 1
3 268
2 201
5 16
829 1
905 2
1173 1
177 1
39 76
1 371
20 6
94 5
6 49
10 60
18 25
32 1
31 75
3 287
35 12
328 2
1 236
455 1
8 41
3 87
9 165
5746 1
1134 1
5 95
151 3
1 426
1 29
2 133
1 1163
39 8
97 1
8 879
26 15
1 1370
2 52
5 25
79 6
2 4313
288 3
17 14
3138 4
1 372
202 2
20 13
23 16
6 40
45 3
10 39
230 1
32 24
92 34
2 158
167 1
3 92
4 86
8 17
335 1
11 12
14 11
1 419
1 22
2 156
2 713
39 1
5 241
208 3
122 2
51 2
1 1927
2 15
35 5
5 2
1 3521
301 1
1 2515
568 3
17 7
254 35
1 333
2 373
3 52
6 35
10 46
156 1
70 12
1 523
1 254
3 69
4 93
295 3
8 24
464 5
421 1
11 5
839 1
1 111
2 151
221 1
3 210
150 7
31 10
152 20
626 5
125 16
3 179
6 147
1 1603
76 1
95 2
5 11
6 139
9 72
248 16
3348 1
1 432
88 4
43 24
2 1795
20 19
3 61
6 26
338 1
1 524
1 247
57 18
3 74
4 68
8 31
180 14
33 9
14 21
1327 3
36 2
1 96
2 110
61 6
26 24
7 78
246 2
48 5
175 2
51 16
17 96
73 3
1 302
19 59
2 1
4 245
5 8308
9 113
5 129
30 4
8 84
4185 1
1 351
55 4
3 34
26 6
6 29
264 1
28 42
67 1
32 45
2 104983
871 2
1 200
188 9
21 5
4 67
206 3
8 6
7 54
47 177
6 67
13 22
33 2
4 605
36 9
1 121
2 105
97 45
5 236
93 3
172 6
1 721
12 18
15 7
73 4
1 295
184 1
2 24
1011 1
9 122
101 9
30 15
434 2
126 3
163 23
1 336
2 350
3 43
3 510
6 20
2 5453
75 13
249 1
67 6
255 1
18 11
1 193
2 241
21 14
1770 8
43 17
8 13
104 1
152 5
1 1723
271 1
1 114
2 96
58 5
61 24
9 18
10 224
4 180
12 9
51 30
15 12
1 312
2 19
1 3906
394 2
52 7
1 742
1 169
1 1820
20 40
3 16
3 487
595 1
6 15
64 2
191 1
18 2
1 218
2 200
203 2
3 161
4 49
1 1784
7 36
46 1
12 9354
1 381
1 384
1 75
2 123
339 1
5 144
69 49
15 21
1 305
2 417
111 1
24 3
1833 3
6 119
4 299
27 30
123 2
1027 4
1 162
2 336
3 25
77 2
521 1
25 36
6 6
373 1
110 45
89 7
1 211
40 18
21 16
4 56
1 4010
8 59
7 29
228 1
46 8
11 38
4301 1
1 409
1 76
2 114
3 650
1 3185
9 28
10 146
12 63
34 12
1 839
1 266
37 1
2 558
24 10
5 104
102 24
134 51
262 4
49 6
13 24
1 187
916 1
8 67
385 4
719 1
1 2098
2 2208
299 1
575 3
31 3
1 212
3 175
4 39
43 4
2 9
154 1
46 19
29 41
110 8
68 4
1 402
1 69
2 77
108 4
22 8
1 122
9 5
1 5803
112 4
15 27
219 1
37 10
148 3
3 333
2920 1
5 81
6 97
62 2
69 4
816 2
13 17
74 1
3 7
6 1809
1 1775
1 3838
6 496
28 5
102 4
5 87
31 8
1 364
3 159
1 45
1 1371
21 34
4 46
336 1
7 19
463 6
9 2014
250 4
68 3
564 2
1 800
1 94
2 68
22 3
9 14
105 2
145 1
1 260
6 64
501 2
3 697
6 88
1 399
13 10
1 181
3 12
4 1491
4 467
423 1
28 28
83 80
1 38
682 1
4 21
278 1
7 8
65 1
645 7
1 492
1 87
2 95
4 164
5 50
9 55
1310 1
636 2
1080 3
146 8
2 974
59 3
170 2
6 83
10 30
466 3
602 1
13 3
3 100
198 1
1 731
1 142
2 308
3 117
6 267
1 2068
2853 1
127 10
1 63
3 222
20 186
3 130
4 28
460 1
7 1
4533 1
6 158
788 8
621 5
16 23
90 2
1 485
19 2
2 86
4 163
200 6
118 1
229 2
12 35
1 1049
269 1
17 40
1 278
495 4
8 30
11 22
10 25
1152 2
13 60
380 1
1 135
2 271
38 12
96 3
4 116
2628 1
25 9
92 4
50 3
14 37
1 589
1 48
2 190
4 27
78 6
189 1
7 21
7580 1
29 13
2890 1
312 1
16 14
186 2
105 38
2 81
5 36
44 1
9 33
1 446
158 9
81 19
17 33
56 4
183 3
1 1096
3 425
23 15
6 77
134 22
306 1
2 1555
109 1
1 152
38 7
3 99
25 18
136 11
63 5
1 184
1036 15
14 44
1 582
1 9
2 185
4 693
4 2
78 9
371 1
24 105
300 3
15 13
29 6
103 3
214 2
16 5
143 2
19 16
2 40
2 661
41 3
22 47
5 45
6 181
9 42
316 4
175 3
1 352
2 516
23 4
81 5
10 11
319 7
1 512
35 1
389 1
1 145
4 122
128 2
63 2
38 44
11 24
14 55
2 611
1 2
2 176
333 2
3 1736
4 9
297 1
8 204
100 5
3463 1
2557 21
1 456
2 502
2 35
2 620
41 4
5 22
66 4
47 26
340 16
31 188
94 3
1 760
6 63
10 50
9 114
32 11
748 4
2946 3
217 1
35 6
1 551
1 234
2 280
3 81
4 97
238 9
1 2201
11 17
1626 1
72 1
1 592
1 27
2 139
495 1
26 5
7 101
53 95
29 24
322 2
14 425
15 37
2 58
1238 3
350 1
5 31
461 2
7 303
9 84
162 97
1 655
55 35
20 7
1 151
6 54
11 68
563 1
32 2
13 32
159 1
1 227
3 86
189 33
4 421
8 107
6587 6
85 3
26 16
14 1
72 8
1 425
1 28
2 130
39 11
26 12
4388 1
680 1
2 53
1 1083
3 372
22 48
5 24
79 1
2 641
17 13
91 2
1 331
20 14
2 320
6 41
45 2
745 1
9 1076
42 112
32 25
70 10
57 7
3 95
60 20
353 6
8 18
464 15
11 15
196 1
14 8
1 1023
1 21
2 157
4 230
350 12
6 331
2 234
2962 4
51 5
1 872
1 467
2 12
4 66
1 2218
5 1
11 29
388 2
17 6
1 332
3 55
1437 1
116 1
6 32
2 6058
10 47
156 2
267 1
31 56
14 96
21 33
1 253
2 229
3 68
4 47
295 2
62 16
8 25
193 3
11 4
378 1
7 3532
949 1
36 4
1 110
2 148
3 213
150 4
26 30
9 254
11 149
175 4
749 2
69 92
15 48
1 468
2 7
76 2
187 1
5 10
1150 3
30 2
88 5
141 5
215 2
1 325
19 162
113 3
3 60
1273 1
42 1
6 27
449 1
179 3
252 5
18 22
2 252
4 69
1 2125
1 807
7 56
33 8
107 1
36 3
1 103
2 111
19 823
61 5
26 25
109 6
12 20
290 928
1 890
1 301
2 30
5 115
6 131
27 10
10 78
30 5
1 747
19 26
5 594
3 37
4 266
6 18
28 43
391 1
10 133
18 17
1 207
2 247
21 4
8 7
7 49
7 26
11 50
33 1
14 29
810 4
1 437
1 120
2 102
169 20
1 2213
7 70
12 19
15 6
2 25
311 1
3 336
98 5
27 3
138 2
14 43
323 2
10 493
3 42
1623 1
3 948
977 1
6 21
5 182
18 8
1 192
203 12
21 13
4 75
4 384
43 16
8 14
635 1
104 2
231 1
16 62
144 3
1 113
147 14
58 2
243 2
2059 1
44 49
9 17
12 10
86 1
2 538
15 15
1 884
1 319
2 423
2 16
2 153
8 446
23 30
17 226
1 741
1 168
6 50
6 204
3 19
6 12
64 3
1 4064
11 358
1 4505
3 40
5 467
18 3
1 217
1 1676
5671 1
21 22
4 50
8 53
46 6
11 32
1 391
1 74
58 13
4 193
61 16
9 26
1243 1
12 1
1 1647
1 304
419 1
11 45
24 4
6 116
27 17
447 2
123 5
694 1
163 4
1 161
274 1
3 24
77 1
6 7
80 3
31 5
654 1
1 210
2 192
4 57
7 28
46 9
11 89
76 7
16 44
71 3
1 408
1 67
2 115
367 2
9 3
194 1
12 56
24 4334
15 29
1 265
419 6
2 440
53 3
9 108
12 599
49 5
51 7
467 1
1447 1
1 186
3 1
238 1
2 3780
9 298
959 4
28 15
102 2
31 2
142 3
3 156
1 608
1 43
2 219
1 1345
114 1
4 32
8 35
9 187
199 3
68 5
1 401
1 68
2 74
22 9
310 2
6 280
9 4
1 669
836 2
23 9
34 4
15 26
39 15
37 9
131 14
259 3
5 80
62 3
113 14
13 16
605 1
398 1
1 179
2 291
185 1
3 6
5 481
4 256
28 6
2482 1
37 43
31 11
1123 1
1 44
40 1
3 151
167 6
8 42
7 18
584 1
16 1152
512 5
3 30
290 2
1 93
2 69
3 469
3 292
44 21
9 13
318 1
429 2
105 1
188 2
1 283
1059 1
24 25
62 10
10 20
5 49
984 1
13 9
531 1
1 180
3 15
3824 48
99 3
210 2
139 2
124 9
423 46
2 1482
1 37
2 173
40 8
349 2
4 22
7 11
16 17
3 72
1 1541
1 86
2 92
1 1228
22 27
3 1207
86 2
9 54
47 1
1 284
183 12
59 2
5 66
62 13
13 2
309 1
3 116
22 153
25 7
20 101
7 210
53 12
399 1
1 62
2 164
40 15
8 34
4 29
9 180
60736 19
16 8
90 3
36 91
19 5
2 87
22 18
2 236
339 7
229 1
11 210
1 277
37 36
3 385
41 161
42 49
1 1749
10 6
84 1
655 1
1 134
96 4
25 8
28 19
766 1
14 42
346 1
1 55
144 4
4 4
5 146
278 16
6 373
50 66
29 12
1596 1
51 35
16 15
1 141
1176 1
1 509
19 10
2 46
41 25
22 21
5 35
44 2
9 32
155 1
47 23
216 17
6 214
56 5
19 123
183 2
81 3
10 1
1 573
377 2
837 1
14 130
1 159
38 4
2 238
25 17
63 4
102 33
272 1
1 8
75 1
4 107
4 3
29 5
103 2
16 6
1 771
2 41
171 7
41 2
4 146
5 44
9 41
1 259
663 2
2 367
2181 1
314 2
23 7
192 1
10 8
27 9
106 4
1 557
1 144
3 107
60 8
8 126
1038 1
561 3
763 4
11 27
874 1
14 52
3 133
1 606
1 1
75 6
39 20
4 10
6 786
1 3126
1 367
942 5
29 30
1 463
112 1
2 32
126 26
5 21
279 1
66 5
1 6625
17 18
1 693
1 376
538 1
3 64
1 990
134 1
119 8
897 1
4 613
1 550
1 233
668 1
60 7
6 118
9 241
11 16
58 15
50 45
396 1
72 2
199 1
3304 1
2 136
4 241
13 44
17 21
26 2
10 216
211 2
1 484
1 797
54 1
19 33
2 59
41 12
4 128
5 30
17 11
1 369
1 1519
3 415
4 279
6 55
45 8
119 1
252 1
32 3
970 2
1 226
2 272
40 67
4 105
1 2169
8 108
11 9
85 2
14 6
1 202
1 424
1 19
2 131
3 230
26 13
29 16
42 6
21 7
1 473
2 50
5 7
174 1
9 92
30 17
164 2
1 413
17 12
1 330
325 18
3 49
131 4
23 18
6 46
45 1
32 26
1 560
1 251
57 6
3 94
4 80
1328 1
8 19
183 5
1 7973
11 14
196 2
14 9
307 1
5 67
36 30
1 20
2 154
221 6
39 3
150 2
91 7
48 9
14 30
51 4
162 1
1 466
2 13
76 4
3 819
11 84
30 24
1248 1
17 5
1 323
3 54
42 7
116 2
6 33
10 44
156 3
70 2
35 60
18 28
1 252
3 71
4 404
82 1
11 7
14 16
36 5
1 109
475 3
26 31
2444 4
357 26
344 1
804 2
2 1902
2 4
76 3
3 357
5 9
9 78
30 3
1000 2
113 2
385 37
4 268
4 1174
227 6
4684 1
13 74
2657 1
1 245
10 576
3 76
4 70
1 2124
22 36
8 1
7 59
431 1
4 517
108 3
1 102
2 108
61 4
7 72
110 2
690 1
286 1
16 80
73 1
1 300
2 466
2 31
432 1
147 1
34 89
1 746
1 349
8 286
3 36
13 212
42 9
6 19
64 54
264 3
67 3
10 110
148 10
2 1094
18 14
1 206
21 3
4 77
206 1
8 8
7 48
561 4
2 97
1 436
1 127
2 103
1 1826
1 2523
7 65
12 12
468 1
15 1
19504 1
1 293
2 22
1 9222
98 2
42 43
27 2
30 13
237 6
126 1
1 739
1 342
681 1
3 45
277 1
6 144
6 10
462 7
11 122
4332 4
1 5743
6480 1
31 22
3 41
18 9
1 199
140 17
21 12
4 52
132 1
2 117
8 15
724 16
11 42
3796 3
74 8
1 397
1 112
240 8
58 3
626 2
6 227
9 16
12 11
197 1
15 14
1 318
2 17
5 100
6 114
67 4
234 6
52 1
1774 1
1 175
3 18
12 46
6 13
64 4
734 1
129 3
456 1
114 12
4 51
43 8
117 1
7 38
46 7
18 13
71 5
1 73
2 121
3 304
2 243
9 25
543 1
1 4179
12 2
379 1
15 23
6 148
37 6
111 3
24 5
151 2
27 16
69 6
49 3
123 4
13 29
234 1
52 8
1 160
20 49
3 27
43 240
6 4
7 853
1187 131
165 6
31 4
1 366
660 1
1 209
3 168
4 58
43 1
8 61
154 4
228 3
46 14
71 2
2 2010
1 66
1 1589
293 4
169 14
9 2
48 35
305 1
34 10
14864 1
1 264
1835 1
111 8
24 12
5 86
2 2936
10 99
160 1
74 4
1 1900
645 6
23 93
6737 1
102 3
58 7
31 13
1 42
2 216
438 1
25 22
4 33
225 1
43 6
8 36
7 20
6 24
1 813
1 91
2 75
1 1265
22 14
80 1
9 11
66 44
34 5
17 59
1 229
37 8
17 108
4 327
98 38
11 319
358 1
87 8
1 178
3 9
165 1
28 7
1 527
413 16
14 86
644 3
1 632
1 35
2 211
40 2
4 40
4 129
7 13
47 6
16 27
167 2
1 92
2 66
22 1
5 55
133 2
9 12
1 282
17 55
5 88
5 531
10 21
466 6
284 1
13 8
87 1
35 5964
1 139
3 14
99 2
232 400
28 30
139 5
53 2
1 625
1 36
2 170
8 33
4 23
2 182
7 10
65 7
303 5
179 11
1 459
1 482
1 85
2 93
221 71
204 1
22 24
5 48
8 364
44 13
10 141
66 62
1 440
1 680
59 5
3 880
81 16
1183 21
10 28
466 1
13 1
1 140
253 1
3 119
25 6
8 74
232 19
45 7
124 1
101 4
1 61
2 165
275 1
4 30
460 3
735 23
1433 1
7 3
374 2
818 3
303 2
1003 5
16 9
19 4
2 84
130 1
1009 1
4 181
44 4
47 9
30 51
12 24
1 673
13 123
5 74
10 7
84 2
195 1
380 3
10 156
1 722
1 133
2 269
38 2
223 2
25 15
334 3
136 6
242 80
50 1
161 2
1 54
2 188
4 5
78 4
3 2451
6 362
5 24141
2557 1
1 777
19 13
2 47
15 24
115 1
5 34
226 4
44 3
14 19
7 211
31 263
114 16
1 365
37 44
405 3
81 2
10 14
377 1
30 69
148 2
1 555
1 158
38 5
3 101
25 16
121 4
232 1
213 1
1 15
4 12
26 49
141 2
29 4
729 3
16 7
144 76
3248 6
19 18
2 38
3 3916
41 1
115 6
5 43
11 828
1 691
56 13
1788 1
23 6
6 58
37 22
192 2
10 9
319 1
49 82
106 5
35 3
146 2
3 106
11 26
285 2
179 14
1 605
571 34
2 142
4 11
5 131
5 350
7 110
61 19
1 462
112 2
2 33
239 1
3 735
5 20
66 2
584 6
1303 1
146 5
1 383
55 36
94 1
205 2
23 31
6 61
13 37
70 30
35 8
1 232
3 83
442 2
11 19
1063 3
72 3
1 203
18 67
1 25
2 137
6 74
39 12
2 251
418 2
26 3
42 8
29 22
647 12
569 1
54 6
1 1930
2 56
2 613
95 1
22 63
5 29
390 4
34 16
17 10
248 5
20 1
6 52
427 1
32 4
159 3
270 2
1 574
1 225
3 88
4 106
171 4
282 1
11 8
85 1
174 48
14 7
1 431
1 18
2 128
39 5
4 249
26 10
1368 1
48 19
49 15
14 25
3 248
347 1
2 51
4 136
5 6
79 3
599 1
101 18
375 2
622 1
17 3
202 1
20 8
3 48
23 45
10 34
14 159
18 34
1 250
2 232
3 65
884 1
22 272
8 20
886 2
11 1
14 14
567 12
1 416
1 107
39 2
332 8
150 3
93 6
26 21
401 22
48 10
122 1
693 1
3 1333
1 465
19 46
2 10
5 15
190 5
291 1
1 215
80 5
3 122
17 4
128 1
20 23
3 57
42 4
6 38
10 45
67 20
32 18
70 3
1 520
1 243
3 70
57 5
8 27
7 61
193 1
11 6
152 2
14 17
105 3
1 108
2 146
4 81
79 565
48 1
175 6
31 344
15 50
471 1
2 472
2 5
1 535
5 8
1150 1
141 3
1 11070
113 1
3 62
209 10
6 25
2410 1
2521 2
1 513
1 244
2 250
3 79
4 71
4 412
8 2
135 1
304 3
14 24
1 101
147 2
3 220
386 1
61 3
7 75
246 1
357 2
12 22
1 362
397 1
1 291
19 60
2 28
3 365
24 49
2481 1
14 193
3691 1
3 238
1 348
55 1
3 39
77 20
6 16
28 37
67 2
92 10
934 1
21 2
95 15
240 2
8 9
7 51
2 112
33 7
16 57
1 395
1 126
2 100
3 197
576 1
172 1
48 580
12 13
1068 5
1 292
1 2410
2 23
1 1029
27 5
505 3
434 1
1 341
3 44
23 49
6 11
67 11
273 1
6 3833
18 6
92 1
21 11
4 53
1 541
499 1
10698 1
127 103
144 5
1 204
1 119
2 127
169 3
3 1108
354 1
9 23
31 33
925 1
4046 1
12 4
15 9
533 17
111 5
1 1054
435 3
42 1535
153 21
780 1
52 2
163 1
1 174
2 340
3 21
77 6
1 3392
6 2
64 5
191 2
320 1
360 6
89 3
404 1
18 1
1 223
1 1666
1 530
4 60
43 11
8 55
3 105
1 517
50 251
71 4
1 26
1 72
2 118
1 1254
41 49
280 1
9 24
83 1
12 3
3775 1
15 22
1 310
37 5
20 67
13 21
24 6
5 108
1 967
9 105
49 2
2926 12
13 28
345 1
1 764
1 167
3 26
6 5
31 7
200 1
660 2
1 208
40 21
4 59
7 30
37 41
16 46
1 6893
54 95
1 65
2 113
993 2
478 1
2 94
9 1
83 6
110 5
34 11
15 31
1 9028
1 271
24 13
120 1
12 137
1 448
21 163
1 757
74 5
534 2
3 3
118 4
28 9
7 158
546 1
1344 37
142 1
10 142
1 614
1 41
2 217
21 38
4 34
371 33
8 37
7 23
10418 1
48 76
1632 1
382 2
292 1
4730 1
1 407
1 90
2 72
3 289
22 15
80 2
9 10
83 15
10 69
34 2
1 214
1 256
259 5
5 94
1037 1
62 1
173 2
13 14
1 177
38 30
3 8
2 186
139 15
50 21
324 1
127 1
1 34
2 208
40 3
4 41
25 164
8 44
7 12
907 2
176 8
33 36
291 11
1981 1
1 488
1 83
2 67
537 1
3007 2
22 6
5 54
133 1
9 51
105 7
1 281
2 393
8 2380
5 71
244 1
10 18
13 7
19 6220
1 138
383 3
3 113
50 6
50 12
506 1
14 94
160 2
53 1
1 624
1 59
2 171
3 158
4 16
26 37
7 5
293 1
658 3
16 19
608 2
1 84
2 90
1 1218
5 63
47 3
12 39
158 2
34 20
343 2
1 274
1 2598
170 1
119 38
84 4
1 5278
667 11
2270 1
1 131
38 8
25 5
1 871
50 7
124 2
14 33
235 1
226 1
1 60
2 162
3 135
4 31
78 2
146 3
7 2
337 2
16 10
90 1
92 2
201 2
19 7
2 85
41 22
497 1
166 3
9 61
1 672
1 363
1195 6
352 1
5 73
10 4
84 3
1 196
173 33
483 2
1 132
38 3
96 6
149 4
849 3
25 14
121 2
1324 1
161 1
1 53
2 189
4 6
78 5
485 13
16 1
1 499
19 12
2 44
5 33
6 177
7 136
155 3
88562 1
47 17
451 2
698 1
2 402
2 520
1 188
23 8
81 1
20 30
10 15
84 10
1 387
14 128
36 16
1 554
1 157
25956 1
4 459
25 23
63 6
763 1
232 2
74 3
1 320
1 14
2 180
3 245
4 13
488 1
189 23
29 3
201 12
2 39
1 353
5 42
177 11
34 33
698 8
15 45
476 1
23 1
19 65
1883 2
106 2
35 2
1 150
28 11
3 109
426 3
245 2
63 15
18 20
285 1
2 3388
5 463
1 7
2 143
39 22
4 730
29 28
1371 1
140 1
1618 2
2 501
2 62
22 37
5 19
1 5029
9 80
8 1208
66 3
34 19
44 174
205 1
6 1001
1 3427
45 13
10 49
626 34
35 11
1 239
2 279
3 82
242 6
60 1
8 103
82 18
282 7
11 18
85 7
72 4
18 64
1 24
2 134
3 227
97 12
457 3
1 1447
46 71
29 21
322 1
107 3
125 1
1 454
2 57
1732 3
5 28
79 5
1572 1
180 16
1 1600
17 9
473 4
3 2797
20 2
2 533
131 1
5 1132
23 23
6 53
45 6
230 2
32 5
498 1
159 2
258 3
1 224
57 3
3 91
242 1
13 61
9 7853
10 382
11 11
1 405
14 4
36 17
1 17
2 129
2801 1
39 4
10091 1
26 11
2010 4
7 1980
51 1
1 788
1 479
2 48
594 3
5 5
79 2
10 80
333 1
17 2
6 106
20 9
3 51
3 390
24 76
758 11
6 44
1 5633
2 2183
1 566
1 249
57 4
168 1
292 17
8 21
152 1
14 15
90 68
10 4993
1 423
1 106
2 152
3 209
1825 1
7 142
48 11
233 1
51 6
1 464
2 11
76 6
2 196
5 14
75 17
88 1
861 2
1 670
1 321
113 15
3 56
4 970
42 5
23 37
6 39
147 4
17 148
18 26
1 242
59 8
3 73
4 89
6 438
2 342
11 57
14 22
1600 1
2 1456
36 7
1 99
2 147
3 685
29 83
48 2
175 1
6193 3
594 1
1 297
2 473
2 2
1 8729
5 119
9 76
10 66
545 2
86 21
30 1
288 21
1 346
316 9
3 33
2114 1
6 30
13 72
103 11
18 21
92 12
57 22
276 1
3 78
4 64
240 1
8 3
7 53
11 62
637 1
107 2
1 100
2 106
3 3848
3 223
61 2
5 825
357 1
1 511
15 58
73 7
1 290
2 29
2 3251
996 3
616 1
27 15
101 12
1187 1
212 1
30 8
1 339
2 323
115 33
3 38
1326 3
6 17
67 5
18 12
474 1
2 242
21 1
4 79
8 10
2722 1
1 375
33 6
1 205
3 419
1 125
2 101
58 6
4 222
703 1
44 53
12 14
129 2
15 3
73 8
1 315
2 20
311 2
4 78
12 28
209 3
27 4
138 1
505 2
52 4
126 7
1 340
2 346
3 47
5 394
6 8
317 1
149892 1
67 10
820 1
1 360
412 6
18 7
1 197
21 10
4 54
5 283
7 43
635 2
46 2
3226 1
1232 3
2303 1
215 4
1 984
36 60
1 118
1 1593
58 1
4 197
9 22
12 5
15 8
1 316
111 4
5 98
209 4
10 127
123 1
13 226
234 4
52 3
15 185
1 173
3 20
77 5
147 11
6 3
424 1
1 528
89 2
549 1
1 619
1 222
129 1
40 47
21 19
4 61
7 32
46 5
11 37
12 506
33 16
16 40
1 79
2 119
4 204
8 135
9 31
4268 1
553 1
145 18
1 309
37 4
1463 2
24 7
262 1
10 102
49 1
52 10
1 755
1 166
755 22
3 29
1 521
