10000
2895 6550
5111 2806
4167 6701
3952 8354
4761 6028
1733 6739
4796 6290
3286 3717
4139 7294
4457 4463
5458 5902
7362 7848
5056 5126
4233 5170
4260 2882
7485 6020
8058 5062
2641 7502
4171 5709
4779 4969
4253 4660
4234 8108
7162 7324
6237 5159
4284 4643
5095 6070
2968 4928
3354 2393
2383 2711
6376 5067
4783 3488
6422 1104
4057 4647
6399 4470
6791 5649
5151 6005
213 6104
3206 4036
4282 4078
5768 5186
2494 4398
387 4864
5417 5347
2240 3245
4340 7067
5017 5278
1379 5366
5160 6101
3525 3320
5052 6152
4776 7239
5161 7781
6808 7083
3786 4835
2849 3551
3186 5216
3900 4260
6242 4892
747 6055
751 3444
4068 9008
5122 5536
4644 5036
-2315 3525
3958 7805
2983 6609
4611 6768
5782 8673
5732 2578
5342 5998
3347 2825
5297 2755
4374 5278
5411 6634
4943 4529
5087 3698
3491 2656
4054 5352
2621 4632
6091 4057
4046 3657
4184 5376
5108 4118
5370 7443
3430 4321
6421 7098
2114 3277
3494 4695
6500 6998
-32 2687
2899 1431
1971 4882
8111 4013
2759 4527
4542 6999
5605 5836
6195 3889
5757 5301
3681 7712
2894 8216
4890 3598
4454 4185
3375 6802
2618 2356
4272 5072
4287 7123
1160 3796
7500 4971
2655 2969
2405 5740
4437 3987
6467 2767
5515 3598
6083 7080
5431 7821
4845 3564
2686 7316
5766 8385
11627 3418
5208 2340
5784 4697
3290 4101
3219 4790
6631 2999
3821 6176
5259 2317
8154 3797
4992 5760
1938 5583
2613 6012
6884 6989
5792 2955
2979 3699
7598 4296
6799 2961
9512 1547
2845 5855
5621 4574
6921 3468
3884 2768
6103 2907
3919 3685
6140 5585
5051 5493
4017 6046
4845 3922
2682 3985
7852 4016
6850 5445
3247 3045
1983 5182
5982 4064
4568 5833
5898 5220
4588 5741
4500 3665
6151 4929
8425 5462
5354 6117
4195 3870
3476 1792
5825 8466
4025 6829
1949 4215
4038 6102
5603 5447
993 3456
6847 4181
5263 3343
5602 3145
1714 5295
5579 5119
2370 5761
5657 7054
4457 6609
3845 2391
4803 8974
4548 3456
5602 4688
3594 4357
7223 3216
3591 6863
6861 6948
6094 5432
6237 3350
2975 5462
4791 3797
4874 2452
8357 4322
4794 5841
5498 5175
1498 7168
2781 5172
3098 5494
4382 6237
3293 2593
5611 3929
3558 5806
5191 6298
4333 4345
4539 7602
3566 4402
6409 5193
5152 6023
4873 4970
1867 6647
8652 7551
4693 5386
3627 3823
4876 5672
5237 5816
6402 6010
5143 4602
3569 1372
6984 5473
7291 6156
6330 5768
2804 4946
4856 2091
2487 8371
4113 3112
9738 5555
4371 6324
5449 7712
5579 5745
6483 2818
6004 5769
3505 6482
3992 5963
3950 2146
8371 6977
4887 4031
2827 4613
4285 5537
5230 5824
5247 7262
4665 3932
6117 5123
4316 5925
4065 4213
7768 6280
5618 7043
4637 3133
5273 4653
7906 1741
1494 5810
5056 5759
4657 7429
5886 6830
5068 5358
7991 5564
3832 4166
7758 4792
5966 8045
2930 6026
6433 3198
5212 2104
5001 4781
5490 5337
4064 3636
4010 5670
5455 4320
4209 7423
7170 4064
3869 5914
4876 4542
4636 6675
3813 4100
6554 8195
6530 4906
4333 6887
6472 3247
3614 4190
5229 5598
3172 3842
5634 6852
6129 4612
7667 6133
3111 8362
6530 6889
3078 4363
2859 4220
2230 3984
5395 1889
6537 2189
4897 5433
5000 4383
3425 5903
5035 2664
6184 6653
2553 2740
4028 4857
7454 1818
3355 5422
5277 4892
5025 3858
5216 1547
6451 3417
6115 4382
4403 6295
4929 5910
6405 7120
3648 3826
2073 5714
6835 5120
2027 4045
3931 5658
6702 6096
4016 3388
7417 3425
7255 6209
2630 4603
4760 7402
5281 2868
5174 6004
5961 5467
2205 4862
5298 1707
4107 1634
2281 5059
6330 6594
8338 3920
3360 1579
4940 4452
6030 2965
5110 5766
5624 5745
7811 7141
3631 7035
4290 5970
5161 7126
5698 6125
5826 4822
9675 4245
7357 6969
6675 4641
7226 6777
3832 6909
4314 5460
3024 3838
4940 7148
4626 5798
5679 4452
4642 4976
5326 5717
4169 4725
784 7779
563 4708
6064 7100
9366 5106
1865 2911
3216 5881
5674 2070
3836 1598
6739 7336
3355 4065
4058 6619
6864 7629
2509 6202
9469 2825
5545 5258
4941 4145
3466 3317
7309 5597
3135 4578
8135 3254
6446 2262
1777 3761
3543 4562
8156 5931
4603 6348
6279 4024
7036 6243
6362 4674
4023 4053
6868 7081
5324 2768
5190 4485
6212 5312
4202 5886
5211 6239
4555 6853
6960 3574
2964 2343
4584 4530
5664 2404
5330 6056
4575 5663
3761 4751
2622 3995
4031 4715
7055 5270
3263 7886
4422 4522
3528 3413
1342 7681
5070 7622
3796 4487
3818 3547
3138 4236
6226 3570
4443 5334
3903 5426
3218 3430
4218 5117
7103 4439
5842 6537
6389 4939
6924 4682
5548 2231
4435 4724
5262 5629
1830 3790
6357 8559
1812 5785
5891 2723
4212 4415
6430 3682
4690 5499
5991 3058
7575 6757
4618 7776
6065 7920
-297 6424
4415 2335
2988 4975
5628 2563
4674 5226
10137 3968
7935 3853
5730 5390
8001 3892
4202 3106
6342 4998
5366 3130
4615 2040
4792 3695
8537 5582
4035 7365
2717 5894
5658 4085
8156 5323
3813 4555
5844 6549
4397 2756
4416 6916
5027 6302
2077 5068
6654 4938
5820 2625
1330 3928
6664 5809
7833 3445
6832 4883
6104 4693
4821 5838
7135 4553
5543 7218
5592 3524
4159 1881
7539 7586
6394 7370
2060 3805
4175 -114
5328 5874
4977 7140
4357 4132
3847 2933
3508 6147
4835 9024
2732 9177
7036 9219
4723 4389
454 2964
8856 2285
6637 7240
3110 1979
4826 4845
3620 4000
7356 5350
1646 3741
5524 2746
4246 5591
8247 2577
5839 6921
4903 3367
6084 8749
5932 4479
3698 2675
4770 4012
5097 3378
1280 2133
3650 3226
5557 5679
8266 3024
5762 3861
5609 3267
513 4657
4654 4045
7036 4872
3914 5582
4361 1778
4416 4630
3858 4345
6615 5500
6138 7913
4592 7781
4667 7498
5227 4891
5038 5198
6798 6499
6926 3792
3374 4382
1779 3546
4634 2970
6563 4235
7948 4261
5296 7488
4924 4097
5053 1556
6138 3526
4019 4180
2130 4308
3272 5583
5031 4928
8413 2420
4270 4909
6851 3093
7418 3656
5982 5450
5121 9596
4971 4024
5202 7509
4862 5366
6935 5309
4599 3438
7809 4324
6431 5403
6366 2053
-213 6744
6549 7530
4280 5696
2231 5284
6045 2482
4247 6752
4474 6512
3758 3971
8180 8281
5652 3587
6188 7323
6496 4966
2446 3271
6436 3212
4516 5593
3937 5830
7909 8008
4500 5856
4364 6068
2408 6535
7438 7827
7473 7203
7540 5148
5305 4378
5931 5403
5524 5011
3191 5799
4591 5681
7275 5776
2253 5730
4487 4943
5990 3206
7395 4224
4575 5737
6703 6688
4291 3774
7332 6032
5866 3415
5098 5362
2801 2030
5308 5189
6005 6735
5457 3134
4293 4164
3777 6568
6385 4403
6467 5371
6657 7263
7732 3319
6434 3260
3972 4371
4905 6792
5169 6700
2992 5205
4466 5441
2101 5303
4684 4807
5545 6601
4359 5438
3952 4590
5252 7312
7563 4525
5320 4737
3458 3989
8326 4862
4275 2328
3947 8794
6875 5951
4595 3765
3913 4454
6969 5514
5556 6451
8878 5370
6916 6862
4572 5697
5516 2794
4969 8437
3033 5726
2925 3634
4935 4700
3958 6780
5988 3168
4214 4663
3223 9914
3800 7057
8950 4364
7741 6627
7305 3004
7030 4302
1959 4932
6002 7190
4990 5195
6873 5602
4815 3731
5827 2235
4824 4613
3993 2791
21 5694
7257 4180
8072 6224
5299 4628
7995 5731
677 2514
2930 2812
2897 6149
5054 7695
4478 5998
6452 3925
7592 3606
5148 5372
5446 6360
4863 4802
9747 5815
3364 6015
3614 5991
5768 6914
2923 1514
6452 4611
4926 9326
5384 4981
4176 4566
5027 5223
4329 3916
4453 4475
4569 2677
3780 1661
7532 4590
848 6399
3081 4724
3512 2843
1022 9687
5962 3892
6143 5288
5307 5494
5232 5164
5164 3170
5696 4091
5937 5002
6285 4560
4462 2657
7729 3289
5797 4055
2722 7355
7442 4714
5205 3124
2340 9404
5117 5384
1048 8581
3855 3957
2620 5321
7086 5414
5762 5344
3397 6580
7429 5077
7806 7501
6309 2664
6068 2893
4613 9477
6201 6244
4292 5265
6542 3494
5162 2319
9694 3952
3041 4967
3782 4204
2517 2285
2781 1904
6863 4620
3408 4394
4979 6749
4294 5653
7227 6288
4531 5068
2385 3820
5982 4251
4862 4946
3225 7917
2065 4458
4756 5634
3188 4628
5715 2795
5299 6649
2108 1799
3776 5047
3764 2096
3289 6813
6504 4931
4107 5060
4264 9409
3331 2391
6155 6947
5090 5098
6123 5408
2848 3580
4023 2163
6324 2841
2949 4198
4361 7862
390 5913
6641 5315
8626 5212
2576 2357
4848 10148
4689 3582
5350 6075
5857 4360
5239 6095
6070 4212
2682 4238
4760 3538
3019 6984
3986 3704
5721 5049
5258 5017
5388 5080
3667 2585
4057 2597
4641 2046
5623 6770
5691 2938
9160 1931
3565 4090
3609 4620
5077 4031
6443 3215
4318 3638
5239 3303
5195 5933
6814 3337
7345 4839
4749 4794
2707 3982
5457 6134
2765 4564
8328 7824
6336 2964
6009 4402
4254 3806
4375 2888
5499 4013
4716 6949
2309 4660
2458 6942
6395 7237
7087 6565
5866 4732
1102 3403
4603 6288
3114 1957
6652 4098
4368 4573
7200 5778
7108 4470
2346 4826
8164 4639
4699 5571
4274 2186
3665 4274
3219 8134
5590 5433
3544 5956
5083 5825
1560 5743
4919 6202
5872 6449
5898 2184
3865 5918
6107 8347
4279 7804
5020 2218
3423 6409
4914 5764
3974 3203
7762 4432
3231 4374
2677 3288
3444 5348
2892 4419
4779 5805
5207 4755
6051 7328
5205 6556
4978 4187
8714 6039
5614 3415
1497 6121
6842 3769
4824 2280
4381 3674
5017 5051
5829 5632
2738 1010
4565 5976
2830 3382
4803 719
3175 4141
7697 4134
4176 7018
3426 6143
4564 6996
5570 3755
5701 4344
5596 4091
5444 5225
5709 3380
3798 4149
3045 7301
6287 7564
6759 5171
7100 5834
5143 5942
5791 6010
4885 3638
3834 3557
5695 2594
7452 8289
6374 7194
4388 4577
5605 5192
3260 4952
1580 4815
7130 6139
4905 5750
4985 3008
7543 4959
3710 5790
2114 3482
8184 3189
3128 7611
3378 4292
7176 5865
1990 4052
5981 5445
2986 5225
6632 7097
5444 6666
7248 5131
3297 6988
6012 5226
2945 2756
3812 2672
5302 5043
2326 4617
4188 3982
3736 4257
3898 7602
2683 7063
7405 3564
5899 2873
3581 4254
4405 6755
4447 6092
5531 5831
5244 3777
6265 2735
8005 5597
4631 5586
3579 1931
5935 7798
2947 5036
9410 1148
6528 2896
6143 3128
3736 6274
3945 2724
7791 3758
5034 8329
6072 7545
3005 5854
5942 7955
2827 5697
5455 5543
3785 4037
4779 4210
5747 6398
1847 2769
6621 4297
6769 9012
3460 2682
5490 4520
4805 6300
7773 4486
3706 5976
5189 3282
6984 4973
4903 4851
2541 5991
8134 5901
4902 1297
7557 5495
3899 4672
5594 5952
6486 5329
5832 2901
4851 5609
5830 6424
4836 4660
7575 6884
4985 7627
5344 4666
4932 5133
3762 5885
2104 4650
5273 7402
6869 3994
4910 5904
4044 6131
4542 4060
5958 4418
8167 9087
2194 3698
10064 10873
4648 2715
5696 5804
4494 3255
3221 6567
4575 5576
6214 2824
3886 7562
7899 3247
7175 6278
6305 2973
7957 4236
6003 5458
4856 7656
7379 4883
4229 7088
4791 5505
2924 7161
3964 5494
1362 7238
4095 4408
7840 4010
3905 6503
1533 4494
6205 5113
5321 3891
4354 5115
4263 4246
4467 5022
6769 6255
2230 6828
5024 3986
6348 3466
6220 2376
5975 4323
5678 4443
5012 8804
8401 5574
6960 7786
4376 5959
6729 4840
5059 3532
1084 8276
6239 6590
4970 5609
6539 5607
7750 2215
3476 9562
6419 7042
7157 8714
5640 5362
5858 4751
4587 4367
5750 3457
7880 5616
7801 4054
3869 5595
4706 6823
4678 6243
4613 4343
7660 3506
4327 3538
4168 1850
7159 7636
8823 8501
6158 5280
8416 6756
8652 3400
4609 3032
5901 4674
5468 8702
5510 8877
4239 3073
4092 5292
1848 1535
2590 7494
5754 2453
2488 6161
6054 1386
5888 3149
7383 5655
2314 6264
4551 3813
540 5038
2642 7625
6748 9600
6057 3187
1657 2870
4504 4404
6360 5033
4658 4768
4466 3830
5096 5037
4336 5315
5189 4340
4382 -112
3597 5907
5648 2373
6809 3144
3166 5095
4261 5149
2251 4964
7078 6539
6172 7577
5320 5099
3895 4279
2439 4978
4590 6342
5658 3999
3869 6199
5049 6798
4404 7315
4462 3524
6008 7393
2144 4261
3863 8376
4171 3725
3934 3451
5363 3935
2851 5154
5085 4669
4544 3862
3152 5859
4859 5145
6898 1525
3705 2103
3393 5173
2463 4686
6553 4483
8140 4914
4307 4748
4408 3522
1855 2396
5138 5155
5134 5935
5576 4524
5286 5227
4895 6320
6612 4104
3819 6534
4067 6799
4976 6032
4873 5806
6175 4659
1270 5457
4876 4806
2074 6943
5131 3560
6335 5748
2103 3480
6019 7397
8354 7495
6074 2418
6744 6918
752 3265
5431 5858
4248 8503
6343 2891
5080 3211
4262 4496
4432 5191
2535 6249
5810 11030
5922 3059
3497 3713
6319 6306
4692 1304
3452 5725
6772 4386
6829 2564
3276 5228
4667 6058
3004 3887
6383 6180
6329 4675
3127 4231
8912 3472
4590 4789
8391 6054
4256 4594
5926 9170
3907 3632
5538 6493
3996 3785
5572 6064
4815 5093
4674 5275
5779 3230
4744 2137
7699 3647
3122 4269
2962 9794
5227 2710
5390 5816
4117 5897
5880 2124
5665 7062
6772 3972
4486 1733
1943 5796
6576 3856
6313 2371
4957 5846
5531 7239
1460 2556
5168 2830
5714 4769
5301 6766
4112 2447
3792 6655
4083 2033
4108 4408
5629 7894
2311 4661
20 3717
5486 1769
1577 5697
6342 4563
4237 5121
7247 3700
4638 3624
4433 4098
8032 4646
2732 5727
7300 4396
6215 5916
4042 3200
3551 4577
4978 6295
4914 3566
2735 4793
11236 6607
6402 4459
5094 3668
4788 6534
6512 5747
5552 8589
6491 3094
5011 3283
3478 4407
5105 6377
5901 5123
3908 5647
5471 5815
5926 3757
3999 2516
5997 4724
3978 2185
5716 2509
5277 2374
4889 7570
9012 3897
1006 6977
2257 5206
3547 3710
3992 5857
6918 6639
3929 6527
7359 3716
3510 4881
5544 3264
7995 2028
4182 4508
3312 5511
5431 3705
4466 1947
7217 3745
7026 3911
3494 5012
352 3339
7566 5632
2492 1911
6891 4828
4967 4423
5654 5161
3922 4981
4065 -65
3929 5372
6087 4585
4923 3937
4775 4032
5907 6227
4947 1127
5893 9171
4866 2383
5474 2924
2489 4798
5761 1982
5273 6999
2948 7311
6638 4877
4541 6302
4377 3003
8998 6139
3956 3345
4677 8324
6820 700
8744 2658
5360 4668
5950 5296
2061 7123
2715 2818
5407 4128
5180 5522
1727 7686
5967 4120
1536 3471
5786 2423
4579 3764
5261 4699
6667 5313
2578 3465
2694 4664
3686 5267
3211 8040
6828 3769
2975 4398
7591 2893
5855 2672
3002 6332
5849 5818
3730 2065
3515 3806
4092 4864
6543 5092
6238 5636
4561 3465
3562 3807
5667 5250
6734 9514
3679 7751
2216 4183
3458 3806
5486 5034
5301 6221
4352 5457
5690 3204
4858 5484
4420 5547
5340 4664
7079 5076
6103 5372
4524 3994
3510 7610
5342 6429
5924 5424
5197 4978
4028 5678
4669 6680
3809 6880
3419 7292
3882 3467
4303 1111
2895 2478
7951 7637
8286 4799
5857 7433
7483 4158
3954 3605
3254 4574
3004 2648
6702 8011
3968 1755
3520 4986
7058 -177
4626 5934
5286 3913
4095 3889
6840 3779
4635 5707
6339 4605
4830 8627
4876 4394
7034 3501
7382 3615
6942 1784
3877 4878
3587 4370
7648 2064
3828 4435
5873 3789
4017 3408
6855 6979
6694 5447
9630 5507
2481 7040
5700 4335
5261 5991
4172 6045
5993 6341
5029 5122
7993 1362
6368 4536
2226 4347
4745 6300
4892 8691
2057 3616
4302 5322
8589 3875
4378 6141
5729 4174
8104 7519
6531 2856
4902 4249
3596 6884
4743 5279
2533 3652
3682 4979
5485 8430
2321 4480
2744 5228
1550 9186
7238 4239
5327 8812
1425 4006
5700 3187
4848 4836
2659 8695
7292 4956
5535 3247
6397 7527
2488 1932
6637 5939
4351 3939
6509 5087
5198 4904
4404 4086
4639 5191
8005 8486
2128 5118
3309 3824
5911 5141
3189 5989
5720 5591
4048 4894
4123 4296
8124 4108
6762 1308
3474 3319
3618 5776
2701 5755
5198 5237
7168 7012
7673 4866
1292 1578
6923 6137
7048 3618
4738 3046
3482 5550
6890 3283
5914 5853
5757 4991
5753 7495
8683 5281
3881 3154
4286 25
6442 4252
899 3301
2084 6058
4017 4275
4463 3479
4387 4042
4141 7407
3704 4506
5205 7326
6339 3209
3257 5942
5180 6055
7881 1497
5715 4533
1303 3130
3011 1616
4071 3478
3906 3163
7651 2733
5518 5197
3771 6003
2347 4353
5668 7478
3695 3652
6850 7000
-883 4362
5262 3467
8000 7957
5342 5376
5447 7514
6774 3643
3225 6680
4743 4638
6267 4804
3873 6025
8382 9982
6162 4904
2385 5616
6680 2985
3160 3678
5287 1966
2597 1067
7020 4109
7381 3095
6695 5735
4778 5842
3929 1146
5598 5425
3135 5367
3206 5115
4525 5204
4150 3252
7735 4227
6649 3141
4544 5746
3816 1619
6772 4796
2955 2895
7495 5181
5432 4392
2439 4591
5711 4706
5895 6819
5558 2508
5005 3524
4787 3803
6891 4279
3584 5611
4886 3741
4070 6998
2874 6412
7424 5327
2806 4982
5146 6789
5334 3932
4409 2479
5268 5723
4998 5693
7637 2652
4186 7478
4931 4939
3459 8286
4317 5719
1415 2704
5365 4101
3438 6798
3632 4313
380 5562
9970 3105
5938 4010
6889 6063
7901 5524
4510 6556
3921 5914
315 4998
3834 5337
8429 4503
5086 8352
6026 5795
5699 3712
5773 7781
3445 4486
7957 3204
6711 5263
5376 7652
5824 2691
3345 3844
5952 7072
4538 5812
4975 4042
6524 6280
5443 6524
6449 4637
5137 3309
6853 3191
6102 2784
6561 7711
1774 10443
4919 5567
4817 4317
6959 5982
6486 5391
6837 5763
2941 9366
2990 5018
3590 5714
3184 3962
7657 7877
4109 6836
4877 5185
6586 4001
2902 4315
6662 6974
5225 4362
3116 5330
6224 5472
5172 6118
7078 6829
6354 5784
3569 5934
7707 3479
-195 2876
7164 3601
5680 5359
7020 4224
5590 6828
6035 7441
5063 5048
5897 3904
4294 2979
6228 2223
2883 2636
5032 7724
3964 4502
6087 5554
3431 7027
7546 5131
4111 7418
3794 7890
6922 4279
7844 4994
4659 2708
3444 2970
2490 6837
6146 4988
3810 4392
6234 3638
6499 5557
8396 4401
3611 3198
4511 4665
6150 5708
1127 3873
2171 5773
5218 7683
5629 6136
3080 2236
6941 8804
6003 2637
5449 6967
5544 2589
3940 5499
4117 4176
6278 4854
2960 4869
6233 5927
1884 5773
5432 7272
5159 5583
6288 7295
4592 3307
4195 4767
3691 5787
7529 2968
4668 6152
8387 6308
7769 4265
3464 5902
4608 6260
6319 5827
5972 2680
6981 4628
3116 6968
4302 5359
8323 6714
2317 3381
3712 6038
2393 5451
7105 7670
5860 5766
7409 3036
258 8530
3671 3947
3264 3181
3649 2833
1723 1064
6165 5702
4614 4702
4065 789
6231 5022
5742 9090
6389 5865
4804 1778
4597 4745
3778 3981
7478 5554
4559 5224
6900 4207
2573 3615
4555 7660
4490 4041
1441 5253
5206 3480
3616 4982
3014 3083
7245 6746
5370 6172
5907 3343
5686 4349
3518 6642
8517 8829
3274 4415
7761 3669
4297 1571
1673 5942
3725 7345
6242 5846
3386 5060
7481 5494
5680 3525
2605 3315
6389 5154
5160 6932
4710 3139
4373 9023
7446 5031
2929 1913
4143 6930
5827 5127
5447 8477
5051 4124
3427 5486
6790 3819
4030 7010
3786 8367
7303 7148
4618 3291
5208 2583
3703 6535
5553 5992
1873 5094
5999 2327
4486 6954
1429 6845
3702 2757
4454 3362
5324 6250
6009 3580
8684 6600
1405 2150
2131 5116
6897 4028
4721 7133
8429 3087
5612 5606
6564 4620
4830 4976
3568 6132
4266 6778
6718 9030
5676 6530
3909 6640
5060 3492
6550 6532
4236 1554
3912 5651
9154 4033
3948 5117
5402 7835
6072 7012
2583 6329
4708 4170
6844 4777
1661 5333
5848 8078
5109 5738
4912 4382
992 6748
5272 2634
3333 7530
3761 6673
2379 6070
5679 6468
2389 3076
7346 5798
6192 4275
3162 1331
4202 7199
5450 5995
5953 6811
4459 1244
6426 3244
6244 4773
4715 4422
5535 8002
4307 7008
6275 5489
6995 4510
6463 4316
3649 3385
3940 5555
6868 7211
4162 3936
6087 5387
5068 3452
5879 3704
5966 5096
2599 6377
6385 3122
5310 4737
2913 5430
4243 6749
4198 5788
1527 6294
8521 5475
7153 5825
6542 5350
4371 4953
9196 7089
4330 3060
2964 4133
4092 6028
6196 5713
4938 4427
5596 3472
5110 4240
5631 6202
6159 4860
3808 6214
4478 3151
4310 1920
7014 5989
5874 6848
4490 7710
3699 2387
6774 4497
5254 7541
2943 6431
6613 2665
3883 1825
3333 1596
3877 4631
6901 5783
5912 6206
5855 3708
6870 3638
5232 4291
5322 5945
7405 4595
4782 4291
5743 5008
4768 6784
3012 5052
8710 7264
5890 4257
3009 4463
3885 5472
5751 4105
5552 6713
4140 5431
8913 6322
2496 6177
1663 2510
1936 6795
5635 5736
4935 7870
7286 4582
6072 5949
4456 4193
5215 5427
1958 6463
6103 5731
4748 5514
2900 4932
688 4625
3459 4524
7108 5412
2224 5564
1616 5108
4284 4538
6382 6108
1962 587
7708 2910
5396 2456
5878 6075
6083 4673
3945 5450
7206 6551
3769 4852
7185 1405
3853 3659
1770 7838
6755 7583
3908 5240
4060 4620
6610 6287
5133 4542
5232 6350
7262 8730
5926 5855
5076 4267
7103 4773
5565 3340
1483 8417
2153 4644
4230 2385
5205 2222
5639 5327
6215 5594
4166 4454
8557 8196
3417 3475
5951 5232
4501 5956
5063 5201
3149 4928
5384 7257
5186 5213
2283 1700
4437 9669
2790 4673
3122 7622
7423 6235
4979 6262
6467 5831
6671 6405
5834 5501
7221 7310
4133 5641
4961 5016
8042 5323
2950 5500
6852 3054
3376 8896
9874 6303
5115 4829
3292 1957
5058 6992
789 2160
6436 3624
6721 4685
9922 4781
5791 3533
3588 5985
6709 6393
2370 6737
4924 6229
5430 4278
5522 5317
5707 1859
1612 8050
5675 6350
5129 3333
6949 4892
3785 5203
6613 6012
8117 7904
2928 7569
4736 9536
7598 6160
4358 3901
7640 2257
4893 5578
6316 3303
3506 4315
6255 4714
6691 5742
1666 3655
6550 2964
6075 4762
6563 4067
7082 5866
4247 5724
5871 4240
4978 6130
3203 7150
3024 4844
2850 1981
4887 3301
6450 6626
5711 4884
6382 3993
5105 4897
5111 3235
4280 1207
5189 6046
4542 5152
4529 4267
5286 4351
8774 9888
3707 7079
1445 7156
5991 3138
7069 4376
6429 4110
4442 4440
2515 3506
6510 8356
1568 8516
4078 7032
5143 5103
2888 6694
4400 3251
7236 1600
4175 3020
3954 1703
5491 4221
7367 6982
2953 3275
5020 2185
5387 5939
6335 2166
3062 7730
4808 5010
3645 5636
2913 6305
3976 4367
3202 7824
7350 3714
4779 3563
6887 1734
4225 5614
4526 2936
4587 5277
3977 4267
3799 3488
4450 3138
3821 5429
2584 8137
5456 6853
3150 4944
497 6301
1852 3895
7544 3822
6574 2787
4097 7741
5217 7230
7576 3355
4180 2711
2715 7767
3525 3114
8538 2941
6556 3753
7921 4705
4125 4321
5701 8207
3928 3823
5913 4468
4634 6506
4337 5466
4463 7406
6497 7167
5623 3507
2567 5568
4907 8414
4008 4171
6606 6738
6166 6699
7124 4839
5429 6079
6175 4280
6763 2894
3071 1246
6497 5153
5442 6887
5229 3329
4468 1396
2789 4966
5859 6327
1809 5624
6582 6754
7204 4656
4931 4836
7713 4928
2817 3929
2859 8144
5327 7723
6961 4704
3248 4712
2335 2276
3514 5764
5922 3601
5053 2182
4766 4929
4748 6900
5378 5683
7047 2863
5820 3484
3974 3330
5895 2986
5609 7103
4811 3544
5492 6129
5678 6203
6092 7931
2229 7651
2945 8146
7541 2505
4963 5490
7887 5586
4790 6332
2809 1674
5982 8431
7036 5371
5380 6899
7127 5853
1407 3344
4976 4962
5449 6557
7732 7596
8139 5973
3999 3892
3800 3712
6411 5478
4478 1403
2094 5781
4864 5096
4629 4443
4426 7334
4174 5921
4345 5191
3636 7100
5005 4829
7683 6193
718 3261
2622 3718
6371 2223
2388 2808
6022 4138
4682 2937
7790 4684
2791 1758
2265 6363
198 3544
6880 4862
4985 7080
7004 5324
4925 4423
7825 6985
8786 6191
4614 3777
4344 4732
5975 8327
4945 7106
7794 5161
6289 1754
1631 6401
4869 3869
2833 -1377
5971 3669
6882 -290
5169 2228
5090 3159
1714 4701
6804 3333
5488 3438
6834 5365
6062 7319
6741 5261
7997 6075
2949 5860
5687 8892
1423 3920
8021 6792
3419 7213
5069 4008
2645 4774
1962 7542
4480 8022
851 7218
5112 3933
3094 8758
6650 5559
4005 5809
5689 6424
7265 6926
2454 6256
5416 3924
5032 4990
1518 7041
8964 4639
3109 3176
4455 2627
10280 5911
5534 3636
4024 5124
8893 6124
6138 6788
8821 5225
6922 4736
4501 4295
5370 3801
4440 5042
6887 6561
2980 7474
6249 3081
6670 4301
4650 6802
5459 3321
5555 5006
2914 6681
5092 3177
5979 5979
6219 4383
6884 2916
4550 5182
7459 5490
4929 4787
3745 4617
6218 6497
603 5935
4624 4270
3583 2846
4954 3065
7546 5668
4673 5814
4888 5980
5004 6125
2849 2852
3292 4884
8525 3005
6479 4210
4910 7083
7882 6006
6222 5776
8012 6260
4879 5958
7510 3620
6636 6129
5632 5724
2060 5847
5978 4338
2998 2708
446 4503
8368 7062
5979 4881
1620 6386
8715 4236
6662 5454
8644 4550
5262 5356
4015 6019
5415 6054
6637 6095
5110 7119
5792 6540
6558 8977
6532 3852
4251 3998
3255 3919
4573 6407
3405 3105
2199 5725
8055 6985
2149 4814
322 6831
4812 5712
5979 1320
5207 3181
4652 5161
5018 7117
6412 6133
3964 4690
3738 4182
3303 3256
5605 5102
3176 5928
5729 4797
5558 5963
4685 2898
5228 3400
3216 3431
5457 7215
2276 6345
5306 5175
2683 3629
1915 3920
5843 6799
5280 5259
4536 7416
3035 6283
3975 7918
2653 3528
1753 6291
7376 4578
1584 6492
8290 3734
3209 6244
2227 8254
4684 2325
5581 2145
8005 5605
6530 5512
6090 3085
9347 4276
5845 4381
3950 5743
7052 3151
4736 6304
1841 4327
7433 2399
5116 1442
5863 5570
6318 6524
4581 1162
4842 4993
6484 4227
4786 4613
10207 7596
6569 4702
3519 3540
3497 6462
4985 4771
5472 6071
7753 2253
6245 6314
3407 6551
5410 3282
8012 4217
7896 4119
4901 5187
1695 1951
2754 1447
1457 5702
3933 3273
4689 3319
1570 3083
5867 5443
6252 2968
6651 4936
6244 2604
7622 2967
6528 4585
3657 2035
1716 8311
3558 5981
7580 1867
6043 4743
4064 2163
3571 1809
6645 6760
6329 3527
3482 5632
5166 2595
5343 952
5980 4711
5336 7710
3238 4871
3334 4749
5145 5181
3715 7914
6168 5171
8877 5520
8711 4260
7022 5516
5384 5864
180 1254
4514 7278
6114 8027
6539 4582
6215 7497
7028 3993
6077 4520
5812 5035
3903 2018
2804 7816
6513 4301
5505 4863
5383 2709
4671 2695
6592 6215
5841 2335
8121 4142
3611 8997
1657 5314
4853 8972
4615 1640
6883 4047
4686 6800
3741 1354
1786 6665
5492 2528
5914 4488
4151 4277
3684 4377
3518 2405
6723 4962
8502 2123
2108 4935
4881 6095
2963 2842
6888 3823
4628 6086
3948 4853
4537 3994
5788 2607
4625 4675
8282 8715
5029 5628
5722 5747
6320 3889
2876 5151
6882 2492
7158 909
8723 6705
1151 7099
839 3422
4329 2246
9159 5518
3979 3505
5087 2863
2728 6441
4683 6521
8259 3835
5069 1195
5574 1764
7441 3983
5363 8154
5206 3375
5281 5700
4723 3352
3789 6740
5090 3642
3305 5164
4891 5177
7695 7105
6058 6222
3437 3315
5411 5429
6722 4667
1986 3482
9918 4684
6113 8792
6324 4886
4341 5824
7351 5617
5597 5481
5714 3739
3401 2647
5605 5369
5929 1643
2900 7781
6470 4751
5507 4197
5032 4227
3246 3781
4214 4172
7684 6350
4548 4624
2060 4772
531 6093
5732 7425
6412 4908
4793 3787
3094 6008
7104 4660
4102 6187
6173 4405
2402 5047
4482 3469
3181 5351
6380 5566
5042 6505
3809 4573
6183 6184
4943 2587
5464 7750
7101 4298
4655 4392
5390 5215
5080 4015
5213 4038
4304 4293
4988 -995
-162 5428
2920 4565
4777 5386
4319 6363
3966 8223
5610 3738
9142 3979
7167 7776
8055 3781
5639 3296
6083 4365
897 3661
5627 3737
2605 7006
4794 4030
9850 9745
7452 5984
7988 6254
6397 5478
2497 6051
5548 1102
4506 6593
5471 3753
2577 4138
3449 2040
4031 5100
5175 6862
4789 8127
3676 5623
6489 6789
7168 7709
8896 6676
3136 2905
4680 4406
3743 6446
7381 5437
1683 4526
4748 6717
7774 5072
6512 7257
6144 5143
4539 4821
3158 5708
7165 4660
2826 5359
3045 6137
7774 8360
3866 4234
3353 6133
5336 4320
6004 5914
2475 3848
7001 2360
8057 1811
4559 3808
5820 6760
9046 7074
4334 3616
5228 2561
4006 4849
395 5011
5789 7110
6022 5251
7325 4426
4968 2633
6442 6805
4501 3845
4631 3462
1921 2667
6569 4474
4609 1432
8457 6593
8699 2415
6155 3010
6576 6173
2153 4541
4746 6587
5084 5073
5026 7394
6884 4467
3990 4548
5141 8444
6312 3890
1846 5021
6062 4297
5294 4407
4713 5467
7517 6483
4428 6535
5937 4129
6705 5186
2197 3337
8044 6172
7565 6293
4176 6471
6987 3245
6317 4577
4964 5020
6267 4603
3685 5291
4368 3357
6904 5795
2341 7443
8041 4746
7495 5733
3988 2683
4664 5866
6529 3938
5685 4822
5249 4559
4851 3320
5934 5359
3327 3191
936 9212
3729 3770
3637 4049
5247 3710
4917 6350
6454 4595
6532 2633
7078 4968
5545 4500
5780 3444
9905 4664
4221 5442
6008 4211
5167 6286
8310 5151
7237 4253
4669 2898
2754 4767
3381 1963
2650 5257
4092 5772
4713 1450
4779 4730
5104 3789
1951 5910
5100 8924
1980 5630
8103 5805
8380 5142
2011 3536
6723 5882
6944 3912
2422 4674
4756 5240
5300 4096
7591 5375
7756 6634
5693 3055
5264 2546
6090 5701
9129 1428
9573 5578
603 5852
6778 5608
4140 4319
3150 3168
1620 5160
352 4649
5936 5703
4168 4210
4257 3010
5109 5465
1211 4820
2824 5399
5118 6260
3550 8610
3407 8287
6227 5467
4317 5494
5361 4053
7139 6406
6423 5697
6815 3700
9232 2482
3497 908
3976 6339
5491 5638
5007 8355
9567 4421
6596 7885
3009 2842
6387 5603
4809 3940
7369 5523
5350 2949
5597 6556
4716 4641
5081 5540
6042 4480
3089 3616
3284 5481
5001 7071
5150 8691
3502 7156
4169 5318
6740 3510
5596 3239
6816 3242
7435 3810
3526 3189
6017 3976
3762 3612
5397 5767
8698 6799
5878 5593
7969 4835
3950 9203
6430 5128
5455 3649
6795 4437
6432 3721
3230 5991
2044 5663
5527 4497
4056 6353
6564 5644
2314 4820
4729 4951
4967 5934
1995 3806
2528 4677
5570 4758
7326 4189
4698 4496
5853 7098
5479 6147
6323 2332
9531 4565
1956 3854
2766 3520
4112 4401
3144 3287
5666 7282
6527 4912
1389 3547
5596 4834
2369 5928
2989 5981
5565 5912
4224 6787
8372 5444
7018 3797
4691 3673
5610 7229
5129 6118
2290 1985
4674 3836
7130 4186
3178 7027
3113 2889
4029 5549
3677 7684
7593 6023
5128 3257
2705 6793
7055 7824
1743 3925
2623 4336
1823 4721
5212 7042
4039 3978
4779 4568
6934 1372
3170 5838
5687 5063
5460 2128
3046 5220
3587 3830
3532 6752
5977 3463
3553 3656
4554 3899
3903 5820
2291 6746
4124 7132
6243 5195
3926 3730
9919 3416
5432 6338
821 3984
2117 5306
6016 6755
3470 4503
4768 6035
10682 5182
4661 3348
1982 5186
5433 6060
5001 7543
2649 4538
6903 4949
1957 3896
3492 7107
2747 4552
5939 3210
5236 2011
3422 4480
3099 8801
2599 7136
4400 4041
5218 7678
6612 3297
6012 -817
5409 4100
3920 4000
2759 3082
4509 2446
4165 3452
3317 5688
1762 6270
4311 5215
9074 1925
4226 4180
6813 5676
3913 4511
4071 7613
5187 7076
4155 4311
5796 5317
4810 6544
5471 5068
7715 5042
4419 5417
3644 6145
3118 2816
1582 5954
4401 4913
5845 3480
5354 9054
10348 7424
4930 3445
4106 5170
7563 3543
4995 5267
4492 3851
6014 2148
5915 6210
8375 2859
4105 3219
4021 5504
5238 5494
4909 5722
5874 4713
7930 6651
2883 3953
5754 6584
4158 5996
5033 4759
5891 4072
4886 7561
4912 5683
4130 4228
5290 5477
3716 8168
6210 4863
3603 2941
3004 5353
1605 7828
5787 6728
6012 3148
6122 3740
5283 4110
4140 6976
8886 3982
1861 3414
4368 1979
4657 6179
8064 6334
3610 5840
2928 4946
2818 3283
4551 2619
5855 8369
5795 3082
5745 2101
3547 8939
3305 7570
3214 4212
4402 3252
6268 4934
5033 4109
6536 4771
3347 8156
5833 7327
6386 2203
4908 5043
3840 2406
5276 4174
8014 2158
3758 3252
5020 4295
3732 3543
3458 4233
5938 4802
4266 4998
2700 4287
3024 9618
4792 4237
6111 4627
6780 6317
5091 4686
7460 5859
7518 6606
6453 3030
1981 2549
5531 4422
2985 6857
6428 5912
5667 5656
9047 4819
5719 2111
6412 5760
5120 4857
5375 7141
4657 8404
5275 3937
4867 5087
8170 3203
1473 4097
8235 4973
4750 2283
3282 7232
8193 2412
9029 2983
5150 1401
4238 7645
3805 6662
5044 5306
6547 3273
4632 4593
6393 6981
4145 3262
6445 3579
5817 4891
2976 6126
4763 7906
6904 8159
6479 5659
7268 4210
5502 5630
6588 6665
6953 3529
2964 5597
4942 5100
4297 7888
6583 4546
6304 4575
3357 4195
8037 4354
5017 6940
4696 3933
7453 7112
4993 8250
3951 6112
4524 6195
2827 4033
5914 6481
7831 5645
3678 6599
3181 6293
6560 4631
4645 5470
1867 2791
4262 6599
6883 6102
2655 4581
3215 4488
4809 4785
6030 4445
4137 3104
7668 5699
3020 6764
3606 5871
5200 7894
7757 3527
5033 3346
7219 3063
7437 1940
6754 6565
2924 2147
4161 4204
4908 2317
8018 7768
6984 6859
5104 3677
5354 8658
6244 4588
3612 5646
5786 7053
7234 7615
5905 3968
5102 2758
7202 6988
4867 4893
5386 7479
5013 6663
5101 5463
6725 7878
3711 3183
5850 7483
4461 5524
3111 6013
4482 7995
4825 3881
7613 1584
4238 8779
7961 4100
6124 6560
3900 5045
5971 7842
6316 6321
4542 9018
3165 5955
884 5610
2907 6058
5072 6592
7827 8044
3511 5003
9501 7567
4044 1701
3570 3952
5287 5584
5006 5525
6097 4503
7525 5980
3530 6819
5133 3734
6799 4566
1360 5541
5607 6159
6049 8314
6615 2589
6613 3555
1264 5270
6725 4058
6873 4460
5810 3986
5700 3330
5502 4392
1672 6692
3411 2273
4960 6778
6304 5849
4238 6244
10414 4091
3739 4516
4448 5353
7632 7598
4972 7991
3885 4095
5103 5174
3144 3725
4916 3427
3501 4783
7464 4319
9554 4378
4796 4053
3937 4586
4441 4302
3881 4324
6292 2888
4566 2251
3833 3004
8390 3470
4205 3341
3140 5911
3713 7401
3117 1864
5383 5737
8950 217
3945 5556
2720 5305
6640 3997
5779 3555
7924 5925
4907 5594
3926 5807
6968 7097
5082 4311
7140 5708
5585 4665
4044 5291
5647 4204
2697 6073
5889 4962
5498 1717
2854 6182
4974 3780
4635 5651
5664 8587
7377 6041
5567 -1068
5498 8176
3803 598
4559 4461
3823 4500
1367 4733
4268 7149
6374 4729
7826 6118
2215 4208
4532 2223
2933 6738
2444 6024
3056 4272
2522 5876
5887 5765
6130 5562
5830 4946
3165 7651
8011 3449
4020 7918
4593 1925
8197 5028
4051 6643
2238 6749
3571 4970
5975 4199
3868 3941
5024 3773
5144 5040
3012 3592
4994 5576
2563 6506
3728 4975
6659 7591
6304 6601
6243 3047
5098 2851
3736 7923
3776 5664
5879 7376
5373 4584
2097 6538
7302 4960
3949 2736
5008 3670
6569 8075
865 5149
6721 3713
2570 6751
4910 881
4477 5351
6183 5760
5287 4742
3425 3121
6413 4848
5379 5099
3720 6013
4085 5073
3967 7422
4991 6396
5937 4037
4665 5776
4365 4450
5177 3640
5266 3483
6471 6660
4106 5454
5233 4185
3567 2468
2189 5321
6450 30
2783 5793
6829 7105
4343 5470
3769 7531
5229 4141
3207 2900
5021 64
2561 5071
4428 4741
6521 4731
4519 3583
567 3322
7554 4376
4231 4534
3965 3783
2942 6350
7284 4286
2264 2223
7284 3309
4311 4078
5955 5136
6029 3626
6111 3151
3169 5145
5915 5806
4205 5251
5710 9028
5497 6035
3571 2702
5929 6551
2908 3938
8574 3544
6906 6407
6770 10145
3152 5519
4478 3267
7055 5872
5946 2870
3785 3721
5058 5186
1733 4822
2812 2840
2875 4833
3813 2704
6056 4960
4661 5384
4929 4455
6250 4855
1960 3988
5081 5097
5620 4059
5785 4311
4311 4132
4863 4811
3180 3406
3596 5581
3961 3571
6817 2383
7502 6333
7012 5411
3421 657
1244 4694
4963 4222
3155 4453
3895 7918
8887 5760
2622 697
7001 2056
6871 6258
5641 6287
3965 7838
4274 5499
3017 5641
7158 7406
4155 4519
2506 5134
6919 7024
1750 4814
6092 6256
4159 5812
3820 2934
3729 1413
5641 2720
5275 4481
5860 1092
4722 5948
4995 6298
7194 8025
2691 4031
4114 6798
6690 2784
4895 7095
4129 5820
2658 6661
2329 3811
2870 5009
6424 6441
2297 8112
6681 2515
5730 5001
3780 4938
6035 6375
4572 5692
3723 7030
3789 7324
5155 4860
7891 4522
1914 6822
2372 5182
6991 5179
3360 283
4089 5131
6123 4254
7245 4313
6222 3591
4441 5241
4863 4314
5867 6753
4654 5888
5441 5383
5904 4249
5297 3728
6143 6037
9648 5511
4270 7164
4879 5014
4294 3794
5139 4470
5466 865
4807 6968
5867 3434
5674 7513
6193 1621
3950 6081
7134 4810
6086 7895
6528 2846
4480 6178
779 8749
8197 5311
6004 4867
3636 3626
5268 2901
7807 4709
6011 6128
5900 8491
5514 8640
2495 3605
-83 2923
3591 7860
5486 4644
5254 4259
2892 4916
2888 7303
4999 2383
3433 5618
5379 7788
5068 3913
1867 2790
5583 5494
5020 3760
3811 6976
3835 5651
4005 5113
2576 2874
6759 4299
1275 4125
3135 5116
4389 3428
3785 5051
3734 4941
2934 731
4373 4631
7544 4538
8209 3426
3519 4209
3535 5807
6672 5831
5280 4502
6869 3962
2334 3956
4603 4914
784 7133
7163 6221
6576 6478
6332 3788
4496 6288
5565 4977
4357 3590
3050 6699
6777 3500
8170 4891
4331 6991
4948 3973
4496 6821
5837 6794
4829 2950
6423 5770
6800 4663
6734 6540
4963 1801
2952 1511
6110 6612
4519 6155
5888 2728
8753 82
4731 5754
3926 7734
9300 3476
4528 6368
2365 8152
8346 2919
5243 8546
937 6355
4867 5156
8076 5352
6526 6880
2805 6006
3287 4406
4993 3662
4063 6028
8359 8607
4134 8346
6557 6640
6125 7979
4764 6334
3919 7449
4124 2077
4859 5401
2448 6347
6433 5710
5623 6266
3054 5300
3607 5260
5700 6625
3669 3436
5851 5504
4194 6036
6959 5834
5192 7058
2757 4891
7667 5440
6846 3076
3930 787
5003 3725
3495 4756
6913 7852
7228 6935
7745 3471
5582 5051
4905 6667
8170 6244
6930 2869
3301 419
6993 -537
4542 4578
7654 3776
4148 6587
4722 6655
4434 4990
4015 5649
5020 7077
6236 4562
5100 4559
1235 2387
6326 3750
5243 4428
8975 10795
4957 4270
778 4960
4113 2576
4553 6508
3621 5040
3098 1184
5056 7512
4693 4106
5753 5477
5078 4828
3644 4883
5038 3615
4005 7403
5232 5687
6021 4307
4863 3611
8902 4567
4998 5805
4316 5031
4147 5960
5475 5145
4246 2089
4714 2381
6862 3936
3092 4147
3662 5668
6071 3686
3914 4561
4365 3023
2760 6527
1019 3934
7478 5657
4840 7473
5050 4985
7276 4373
3447 4624
7725 6797
4313 6724
6784 4852
7249 4480
4023 3959
6077 4939
5937 4344
3084 3780
7014 5485
6767 6948
2919 5352
1157 6557
7655 2044
1838 4295
4451 8159
5771 5070
3575 3169
6937 7299
3980 5992
5620 3959
5340 5918
4553 5647
4409 4659
3907 2964
8903 5298
4385 5756
4474 7774
464 4846
4133 6044
2620 6905
8296 6756
5858 7001
6570 4017
2949 6278
7603 7045
6395 2832
4136 6707
5243 3371
6089 5663
10713 2878
4069 8759
7094 5439
4536 5556
6439 6677
2323 4659
4680 1655
2032 1540
4377 5221
3730 4123
3660 5080
4774 4473
5152 7109
2959 1320
6927 5422
4333 5259
3950 4721
5849 4216
3742 3618
9109 8009
7252 5573
5302 4004
5245 7229
4450 7038
524 6726
3073 5130
5439 6549
6426 4655
6692 3626
4798 5263
4553 3272
2975 4780
5163 5175
6772 3883
4350 4993
6156 3802
6361 4985
5767 3877
3609 6100
884 1892
4807 6999
1473 7842
3912 4334
2645 9090
5960 7611
2763 4779
4285 3250
5597 5747
3368 4543
4256 8619
5292 6564
2600 5757
3914 -70
3126 4597
6010 4920
4959 4422
4305 4234
5042 5061
5891 2818
2351 3425
5202 5360
3110 4578
3357 3875
4714 4745
7274 2174
2827 3717
4316 6966
5777 3956
7740 5958
2955 5761
3073 5222
3543 5114
3405 5120
4830 -538
4979 1960
7170 5875
5558 5846
5429 6870
7200 5203
6309 2989
4109 5086
4753 4767
7045 4861
3756 4680
4890 4270
7739 2840
8491 3036
6144 6055
2795 4672
4446 5765
4982 4427
3749 4099
5033 5403
7176 3853
6146 3068
6085 4753
5869 6107
891 3911
2981 4833
6608 4371
4555 6347
3157 5657
2481 4999
5284 1042
2582 5386
5015 5705
1774 8609
4116 3654
4416 6340
6526 6067
7042 2500
5521 2949
5776 3365
5662 6021
7687 4481
5235 5434
3046 4554
8076 5317
4542 5808
4140 8707
3359 5127
6771 2237
5481 5966
8345 9540
6210 4671
5708 5466
4238 6738
7044 3056
3739 6474
5837 2770
1802 5603
6255 7407
5536 5399
4915 5074
6109 5874
5957 7057
-124 3567
6470 4418
7363 6087
6141 7324
6012 5939
3910 2451
3953 4445
7575 3752
6868 4349
1778 5501
2467 3228
5195 7349
5115 7049
5850 7756
5914 4914
8242 7191
5889 3096
1542 4327
2200 5532
1126 4127
5346 4823
3803 4036
1928 2290
5446 2486
4820 5137
4364 4899
7964 4274
4879 3736
5890 5364
4110 -211
6613 4990
3710 7548
795 4785
2841 7278
6589 4804
2988 2403
7006 7206
4675 5112
6646 2434
4675 3240
4031 2935
3299 7876
6150 6322
7407 4663
4223 4881
6536 3216
6537 1209
6769 5124
-134 3253
8029 5288
2366 8430
5491 7312
2582 5100
4907 3836
7737 3833
7175 3743
4269 3679
6260 6833
5503 6559
3928 6376
2312 5282
5401 4210
5882 4477
5476 1845
5102 4948
4422 5562
4943 5740
6812 6418
4683 7300
3568 5094
6131 6096
2429 4476
6651 8614
3555 6088
5113 5775
2714 5415
2669 4310
5623 6228
3797 6228
8733 6674
3003 3566
7909 4248
8096 3788
5976 7118
5325 2887
7143 6431
8972 6653
5266 7543
7143 8064
2157 3633
7485 4450
4312 5175
4608 2788
3991 6898
5367 6260
5279 6088
4178 6540
4530 5881
6250 8312
6261 5788
4759 5475
5846 5673
2624 5104
6070 4136
5483 5518
4800 3630
849 1981
6532 3007
4612 4203
7792 4331
7072 4896
9047 3196
3803 4857
5715 3323
5716 4768
3431 2524
5043 1846
5317 4027
4808 8112
3174 7203
7445 5223
3954 5475
4978 6821
2680 5797
3507 6702
4931 6290
1313 4604
5933 5150
2624 3933
3408 5330
5550 3165
8173 3894
5792 8544
5576 6414
6441 5698
4328 6574
8677 3834
9063 6141
5320 5272
3267 5836
5287 4536
5808 5570
6311 4370
6510 3014
6746 2757
3864 4258
7523 5412
1927 8023
6395 1850
4061 6386
1922 5522
2584 3643
3047 6002
4347 5904
3921 6008
3339 1889
6271 3576
2353 6137
5717 4688
5872 3571
3058 2593
6676 4333
4555 5420
5403 3978
4365 5255
10356 6566
7024 5935
2151 6972
5406 7699
6532 7809
6400 1975
6514 4713
3301 8113
4563 1946
1762 7009
6996 4125
4531 7279
3883 1435
7066 4168
6636 4119
7375 5360
3931 3511
2473 3296
5064 7147
3090 4516
7347 7119
7663 5219
4504 5335
6997 4646
5720 3850
3709 6555
3781 4222
6280 4918
5982 5041
6456 3490
7113 3571
2836 5371
5718 2851
6501 6647
6243 2678
5699 4225
2971 6538
8531 5300
6054 3504
4659 3509
5531 5024
6217 9787
3235 6026
2592 6040
3373 5175
5719 4512
7654 7160
4200 5948
8174 5054
5591 6194
2755 5189
5939 4349
6262 6075
6140 4682
1103 5760
4540 5846
4001 6888
5002 4398
5843 5485
6362 6227
9851 5462
1457 6521
5398 7427
7124 -332
5577 5262
2020 8149
5883 3466
7786 2644
3311 3199
8523 5653
3974 4058
3595 3338
3691 4145
4059 4661
9015 6908
5780 7039
3884 6873
4667 5891
6827 6592
6413 2951
4633 9953
2402 7144
5463 5612
6251 7343
4684 8798
4997 4703
5484 3361
2468 4678
3022 3109
4292 6290
3197 4490
3930 4275
5188 8014
5355 9015
4905 5424
7877 5402
4360 2951
4132 6552
3268 6047
4983 5368
7073 6399
6477 5474
5739 4354
5851 5165
4349 4109
5211 1374
6199 3046
3297 5217
7232 5818
5646 -793
2572 9861
1136 3855
3753 2674
6046 4257
4077 8163
2925 3215
4585 4777
5623 4207
3188 5267
5572 4322
5232 7315
2636 3689
5155 6286
4686 5137
5166 7455
4911 4693
3309 5787
1804 4933
2648 6062
6280 2024
3787 3707
5481 6948
5568 6077
7207 5271
6520 3764
6425 3338
3987 5714
8382 2906
4550 3719
3027 1126
6696 5975
2579 5392
4808 4965
4835 4998
7222 4901
3856 7375
3561 5215
3578 4011
3679 4606
5242 6406
3724 5955
4265 5818
6303 2822
5228 5312
5099 4808
7099 4659
4357 6675
8017 3765
7981 3106
481 4737
4709 3526
4092 6026
4990 5661
2542 7174
7982 4219
2834 6991
4885 3189
7004 3822
5567 4898
5449 3647
5930 6569
5751 3422
4725 6880
4375 4386
6605 3378
2378 7101
6344 3952
4393 5414
5646 5789
7225 6810
3601 5062
3391 7172
5523 5063
6244 7473
6083 2611
5407 5849
4119 4918
6830 5471
7403 5483
6051 4758
5836 5472
5044 3136
3068 4610
4883 6137
6545 854
4962 5122
3090 5403
6736 4262
5293 6223
3604 1314
2619 4610
5172 5328
5842 2787
7693 3875
7219 5840
5478 6326
2747 5798
5463 3625
4627 4315
6554 3749
4452 4204
2091 9618
1774 4770
5663 4478
7773 4550
6067 5473
6852 7187
4025 5701
5378 4619
6637 3429
6819 1768
5668 3225
3320 4546
6285 8181
6430 7398
5839 3021
5348 2371
3525 710
4369 4058
4293 6472
4070 6985
6684 2788
5164 5370
2981 5901
7812 4877
2734 4122
4381 4845
8111 3186
3865 5027
4575 5226
6736 8241
4054 4696
5602 4961
2281 6250
7007 6841
5359 7364
3324 5356
9611 4435
5438 5222
4388 8492
5797 4311
6477 3339
6204 4497
3382 2662
3322 5123
6012 3327
7213 5809
5384 3496
8539 3964
3889 5971
5026 5820
4713 7279
3964 9610
4594 7099
4714 3308
5188 4301
6172 3764
4535 3738
5386 9309
6192 8050
4281 4503
3775 4203
2608 6026
3348 3231
5878 1734
8050 8036
5837 7223
2533 5134
5128 -14
2516 1839
3216 5900
2685 3665
3406 8906
5812 6636
4362 3466
5950 8489
2715 5772
6228 10270
5415 4606
3566 2970
8562 3378
3085 3838
6982 3770
4596 3729
5194 5513
4160 5372
5853 4902
8261 8685
4864 9095
7612 1000
6618 6719
4308 5063
4311 5600
3213 5459
4578 8997
4590 7266
5946 3475
2043 5077
1474 4520
3346 6320
1096 6643
6107 3428
3866 3584
4834 5644
8548 4266
4239 6840
6012 4491
3244 3469
-1723 5201
4468 3930
5667 5981
7316 4772
6071 5176
5134 5789
6408 9145
3807 3302
6405 5898
5595 3035
4725 4129
6797 5348
5203 7153
2465 6574
4053 4547
4666 3633
6458 5840
6317 5055
6028 4969
2841 3964
4601 2506
7589 5002
4029 8605
5601 3959
6229 4228
4287 5357
5199 3690
6306 4290
6423 6232
6531 5902
4641 3289
1617 5221
1769 2574
5173 4769
6267 8293
5324 4095
2266 6687
4047 5095
8296 4221
3698 7134
4349 6202
6349 3105
5931 3978
3720 4685
5310 2636
2933 3862
4417 6062
3102 5960
5179 6182
5180 5923
5232 3801
7035 4739
5771 4322
7586 5268
3739 5997
449 6652
7137 4544
3478 5553
3336 4131
4323 5590
5080 5371
5856 3539
2927 4875
6607 2674
4824 6060
4336 755
6680 4820
6438 6781
4103 3233
6884 3984
4839 8036
6627 6537
3666 5427
2983 6879
5031 8113
2673 4858
3162 2795
4033 4960
4816 3147
6279 2005
3970 3955
6546 3820
8074 2544
1615 4092
4421 2070
5013 2768
6533 6262
3616 7678
3402 7132
10849 2885
4674 959
6181 4625
5752 4965
7516 2434
7623 3422
8336 4021
6698 2672
7717 1250
7216 4274
5541 6193
8269 2310
3533 3975
3754 7738
7646 7122
5941 6552
4995 3269
4110 4412
1512 4387
3644 4913
8193 2682
3316 4386
2292 5633
5346 3798
8191 7650
6502 3440
3984 5804
3561 7963
5142 5069
6186 4269
6588 7945
6071 4055
3359 6861
3374 5999
6170 2189
3568 6844
6330 5260
5009 5129
4860 7467
3980 4475
3735 5570
3469 4006
4207 4203
4966 3992
3393 5152
8720 3597
4719 4108
1553 3592
3858 3990
8160 2650
4153 3791
5516 5939
3202 7502
3812 5889
2010 3668
2180 1103
6116 4845
4113 3184
6623 8042
5692 1842
4312 4828
3348 5249
4284 6243
2256 8089
4043 6191
5375 7934
6510 3318
3248 8625
4196 4293
2870 5727
6701 2491
3106 2861
3846 5026
3147 6190
6888 5926
4673 835
8735 4745
7955 2624
5504 4880
2740 3846
6294 5213
2639 2608
7456 5122
7905 4898
4055 5139
5725 5607
5719 3504
6151 4245
8228 9550
5107 2604
8084 3446
6784 3050
4028 4485
3725 3831
4655 6115
2743 6964
5328 6746
4624 4846
4585 5644
1366 3518
3931 5184
4353 5813
3886 7249
5474 5875
870 4934
6239 6802
6606 5299
5475 6506
2614 3182
3591 6064
3564 3582
6024 4647
3736 7094
6487 3021
4059 6397
6656 6464
5335 2120
5901 6000
6561 5573
5214 7818
3067 6244
6078 3428
3384 4267
4820 3162
8684 6330
5816 4092
6636 3564
1298 5286
8772 7222
5705 2674
7469 2356
5426 7809
6597 2953
4557 5954
4523 3774
5034 5639
5073 3680
3788 2929
4201 3665
4064 7742
1817 4296
5585 1265
6844 6264
9076 4813
5487 7685
5930 5067
2922 3217
5469 5637
4743 5371
3068 6716
6015 5868
4802 5440
1786 4517
3528 5149
5542 5080
8295 7051
7619 4794
6763 5708
5332 5311
5064 5378
5522 5336
4708 6883
4824 5762
3590 3788
4534 4766
2301 4326
6128 2090
5693 5375
5931 5085
8663 2938
5206 4395
6798 4841
5404 3206
6078 4431
5413 3152
5353 6018
3157 5058
2377 5640
4297 8361
4281 1849
7697 5593
10641 7309
3856 3859
2197 3730
5173 3032
5536 4156
10798 5020
3450 1825
6106 7738
2081 4493
2087 4344
3337 1910
5624 4890
3218 4874
3180 7857
2319 4140
3980 4015
6889 2401
5229 4227
4608 7385
2893 4424
5121 4893
4195 3349
6720 2941
7592 2009
2775 3179
4577 5612
5757 3690
5588 4878
5424 1654
3389 6541
3795 6090
3355 4253
3462 2798
5572 5501
3104 6874
4979 5734
2536 5697
5849 5240
5014 4751
7816 5646
5353 3946
3388 3714
5574 4354
5832 7430
7273 5170
2575 4307
1857 3343
4686 4407
5040 4176
3763 7783
7290 4323
3735 8501
2912 3397
6445 5492
6275 3505
1477 2845
3604 3728
3788 1089
6525 4811
6167 3080
2789 6350
4959 4504
686 6677
7577 6206
4379 5705
2504 3354
5957 2014
3072 5115
6564 6099
7185 5952
2929 5803
2748 4329
4963 3403
6676 7296
7321 5714
5786 5829
4106 6222
5415 4319
6464 6943
-903 6403
4194 4196
6898 10231
3856 2776
4804 5084
6040 4124
4479 8113
2950 5954
5497 3809
7333 6363
5975 1932
2730 5714
2189 4779
2874 6037
5685 4378
7798 2980
6617 5574
5517 3933
7441 1904
5810 3016
1785 5443
6146 5595
4196 5046
4399 2427
4980 4963
4404 6680
5007 5377
5382 6759
6588 5484
3171 5572
5320 5274
8540 5203
5082 7220
3202 3662
9529 8753
9097 4495
8143 1386
5851 4615
4934 8025
4747 6017
5869 5938
3491 4698
7943 3351
950 3929
7177 6465
3973 4201
5079 5597
4823 9186
5982 3350
5722 2471
3310 2850
6227 1876
4377 7593
6187 5261
3350 7635
4856 5512
5812 5337
3641 6469
5180 5846
4849 5913
3620 4509
6932 6071
5274 5499
7323 3246
6015 4593
6377 5418
7323 4619
5242 3407
3350 7786
-1824 6301
1711 3407
1415 1282
3316 5328
3488 4410
5463 7371
4438 4090
7565 4198
3702 6788
3173 7804
4291 4560
2125 7275
2584 5282
3784 3576
2809 4581
6550 3087
5797 7021
2738 3783
6134 7367
5978 2822
5689 6985
7652 3786
7289 4240
8055 2256
3939 4429
5151 5604
2989 6287
6431 4282
5057 6654
7180 4336
6790 6764
4327 8278
5086 6983
5089 6113
4146 2731
5004 4821
1529 4927
3665 5386
5719 8022
3670 3045
7284 7358
6957 6246
1833 4644
5278 2079
4947 6925
4641 6218
3407 7438
4152 5962
3795 3165
6349 8458
4616 1056
7872 5901
5049 4953
2523 6663
3257 5128
6325 4455
3159 5223
7547 4179
3199 2406
3825 2995
6467 3917
3179 6818
3340 4134
2664 5289
5122 3276
5238 6145
5531 2940
4271 6799
6974 5344
6674 5207
5293 3617
7726 4561
5828 5300
5686 6436
6318 4407
2933 8571
7264 8195
5572 4618
8293 8804
2847 7261
216 6832
5953 5508
4975 2093
6513 8694
4669 5050
6063 3780
4315 3593
5819 3104
3445 3963
6857 5027
4127 4527
6320 1984
6852 6019
5978 3238
4372 4078
5562 6041
5326 4927
3971 7201
7843 8450
5492 3306
5128 2515
3413 6911
5158 6007
5145 4719
6297 4245
1960 4837
6460 6195
3793 3401
4326 5427
8696 670
4288 6139
2957 3053
1571 4470
4907 8073
3729 3681
3262 2399
7305 5823
6669 7199
7292 7602
5358 6352
6636 7437
4820 6868
4760 5124
7818 3855
3350 4274
3722 5569
4336 1945
8313 3785
2148 2631
2831 7191
6730 3313
4317 6337
5496 6424
4863 3224
5680 6127
3293 6521
5355 5168
3889 7027
6538 7499
4728 8914
2388 4981
5687 3005
10623 4858
8998 4398
1408 1705
7265 4079
3717 5117
2798 7083
5156 2186
7174 6386
6121 2382
4174 2821
5269 5787
2998 7152
5290 5276
7001 2125
2932 4179
4286 5630
4591 6710
4597 6375
4443 6048
4130 6213
6998 4214
4880 6366
6840 4827
7433 2345
3866 4714
6717 7310
5169 5869
9975 6937
5565 5181
4554 5105
9338 6281
5413 5914
1955 4925
3858 6775
4473 5437
8470 4263
4862 4117
5913 4831
7099 3704
6239 3870
7361 2400
9911 3821
6158 2832
5494 2317
1082 3456
3608 5017
7036 11086
6464 6716
7490 8987
4862 5958
3253 5038
2942 3703
6170 6333
4072 4192
5379 5183
5573 6324
3321 5476
6147 6279
3930 5849
5872 5574
4461 3180
7505 5235
1865 3297
3136 6419
6349 6778
6996 5643
7043 8437
5653 5750
4288 5349
5679 3881
6073 6690
4760 5216
6167 4818
6084 4743
6948 6012
3516 3665
7284 5940
6036 5889
3130 4668
5724 5088
3134 2067
2945 4061
4240 4722
7497 8620
4738 5734
5151 4818
3763 3837
6306 4459
3795 2753
2209 3317
6448 8550
6093 3912
7365 5115
4882 5702
6604 -2262
3352 4138
6228 3418
4064 9856
3412 4473
6943 2119
6253 6137
4327 3730
1987 8078
5833 7128
6709 8845
6754 3217
5934 4171
5972 6358
5794 3337
5925 4209
8037 3114
6056 4495
3362 4327
7120 3302
7212 1468
7984 2346
4029 7720
4570 6519
6088 3635
1821 5621
6072 4857
6590 5145
5212 3564
4331 6268
7282 4128
7601 4019
5583 3447
4544 8499
4063 4345
3573 6242
4311 1826
6194 6076
3221 5330
4109 4363
5387 6893
2564 4455
3536 4656
7927 6282
3890 3723
7566 7405
5476 5854
7275 6094
5086 1694
8267 4761
4891 6824
2573 6069
4566 4126
6047 3804
5631 2534
3863 4965
6390 7223
6598 4387
5506 5798
5435 5291
4414 9861
5758 6404
6745 4595
7246 5024
5223 6350
6799 6033
4950 5395
4743 5309
3825 4198
4386 7147
4725 6056
2752 6086
1887 1858
7561 3570
5237 4849
3348 5647
8819 8788
8514 5904
2043 6625
6858 6157
8496 5218
5269 2339
5169 5058
3036 10382
3238 3569
2543 7567
6215 2569
4392 4877
5555 2630
3051 9175
2105 3282
2176 3096
6292 5985
2349 4347
7784 4937
8115 5314
5313 1933
5588 5552
3858 5824
3849 6926
2505 6005
6870 4122
4372 5633
5778 4589
6220 6226
6636 4671
5784 5709
8074 3479
6849 6689
2874 4537
6300 3762
5095 4117
5903 6168
6449 5564
7658 7152
7715 4683
4107 3926
4406 6611
5473 371
5521 8023
6402 5818
6138 4725
2499 7897
3947 4767
3840 4077
6060 5080
7571 8770
6320 5562
3101 4974
7130 4934
4425 2649
3664 2375
5487 3862
5743 2546
2364 3627
7465 687
2740 4401
6521 4344
8835 4244
3179 7203
5615 6154
3503 7403
4332 4004
4793 4174
6027 6683
7682 4792
4316 2601
5242 5218
4466 5086
6108 4180
7294 5743
538 2061
5256 6064
4444 4007
6173 3943
4709 2533
4872 2956
2967 6684
5142 3759
6261 5501
5242 4712
5625 5728
5647 4477
3408 5493
7340 6012
6976 5500
4691 6527
5957 5546
3765 4494
6424 4162
4256 671
4988 6745
6883 3000
5007 5101
5425 5611
4759 6103
4894 5309
6038 5760
4181 4132
3416 4344
3363 5075
4558 2976
3064 4306
630 8910
2136 7854
6635 7214
4793 1935
3880 5937
4584 5968
3894 5375
3996 6680
3560 6633
5164 2029
1682 3035
4470 6192
3829 5982
5848 6798
5166 4111
4364 7500
3353 4559
8337 7666
2579 1924
39 4894
4440 3976
946 5449
5315 6252
6320 5496
5631 1247
5466 5138
4955 7177
3309 4813
5474 3154
5799 2316
4767 4041
5384 -395
5948 6401
3782 4664
4089 4062
4856 2311
2906 3363
3569 4501
1795 5001
4466 6131
8206 6004
6578 4392
2736 4685
7027 5163
2425 4668
3141 1822
8713 4032
3387 7809
3721 4193
5315 4141
8485 5804
5262 5895
6719 3601
5418 4910
4880 2357
3276 4971
4373 5035
4054 2954
6326 -11
2867 4454
4501 5975
4289 5297
4720 5498
5692 3066
7084 6664
4170 1775
6862 6416
6947 4991
5488 5155
3919 5145
6303 2879
4911 4551
3577 6721
3677 3537
6346 1803
6006 8411
4646 4470
3618 3636
2062 7060
6502 4606
5459 3796
4946 5438
3447 3336
4276 7211
4209 5194
2430 3434
5699 5510
5814 3957
5306 7887
4878 4976
1838 6707
2294 7145
8859 6468
3065 7969
2905 4483
5878 4351
6923 5403
6890 5224
5491 8403
2664 7777
6487 6429
7081 4758
690 2564
2285 3135
5777 4306
4445 7367
7307 2670
2693 2480
5077 2742
4979 6471
3720 3908
4791 2740
2770 6192
3346 3846
6715 3934
6274 6342
3838 3257
5445 3991
1281 3906
6244 3786
4052 6487
5965 6248
6191 5749
3948 4939
5347 5850
1416 1824
4894 4256
3586 7465
4589 3459
6328 4571
6109 6015
2477 1841
5457 5044
2980 2904
7206 7461
3553 6178
7461 4561
6650 5949
4208 6395
1636 4780
5249 3625
5186 4505
5036 5136
5588 3908
6845 3476
3347 2837
3951 5836
6116 3815
1413 1450
5384 6848
6526 6646
5941 6121
4200 7058
1470 3236
3940 2122
5494 1258
3548 4016
3057 8906
3438 3332
5055 1935
1833 4732
2524 5608
5720 5390
4560 4725
6404 5163
6156 6128
7340 3222
2851 4485
4499 5289
9161 3604
4851 4719
5507 6089
3997 4996
5720 3851
4811 2861
6849 3010
7913 2958
3386 6976
3889 5524
3649 4015
5717 3390
3449 6637
8617 4560
3737 2811
4848 4181
3541 7265
8433 3099
2747 4643
4193 2875
1300 5362
3179 4497
6480 3173
5675 5995
5830 7558
3505 8331
5753 6790
3866 4828
4017 3508
4907 5408
5255 2035
4434 4349
4535 3904
4731 6469
4218 6256
3512 4384
6115 7032
5754 6168
4575 3848
1791 2835
6675 7674
3914 4518
6310 5017
4046 4428
4954 1771
5258 6036
3147 6129
4386 6355
6659 7188
5016 4005
9666 6676
5361 5461
4657 5196
3751 5962
5015 5165
3926 4703
5560 4969
5523 5471
3294 4462
6049 6071
1866 6323
7823 6399
6912 6060
6648 4785
6418 6749
3969 5811
7859 3875
1642 5377
5430 3882
6741 4760
6211 3394
4010 8868
4162 8082
4080 4841
-387 4831
1923 7198
6910 5331
4058 4112
1914 1996
8619 5062
7169 6325
6089 2944
7067 4833
5482 4775
4489 4200
5245 6527
1655 6775
4705 1460
5826 7769
9074 5662
6911 2350
6242 3738
8196 6090
6483 7324
7374 3376
3219 6887
4999 4774
4598 5006
2667 6560
4958 2458
7475 2056
911 2555
7043 6092
5187 6944
3202 4309
981 7102
8186 8293
4715 4660
7574 4331
4739 6043
3426 5542
5813 4026
3812 6179
4820 7361
4133 2861
6896 1719
1619 4791
4987 7165
5341 5318
4591 6614
5842 7074
4398 4173
4761 6894
5650 7292
379 4904
6405 6146
6091 5811
5419 2203
5931 2297
4147 5884
4898 5532
4222 2676
4241 7166
6444 2418
4842 6689
2864 2286
3435 3929
5054 6279
3277 8021
7057 2853
3157 4948
3620 4360
7708 6096
4212 5469
4966 3906
3892 4744
7091 5623
2502 9232
4948 8923
4228 6205
4922 6164
4576 4980
4769 4624
3921 3092
7518 3784
5860 4045
4916 4477
7141 7605
4420 7327
3608 1130
2869 3918
6472 5187
6585 -154
2401 4495
5222 3764
4341 6719
4139 7189
4390 6907
4795 6749
5065 6944
3520 5888
2627 4662
3530 3946
6705 6912
1159 3097
3204 6199
4249 3995
5521 4889
2496 4163
4340 4716
6278 5639
653 7665
7802 6615
3920 8766
4061 4000
2492 3014
2405 3182
6053 3791
3336 6045
7555 6887
7931 5821
2634 2742
7093 6693
2652 4209
8349 4764
3273 9634
5579 7158
6076 5378
7029 5130
6095 5481
5643 4952
7660 5084
4986 3475
6920 7066
4122 3732
4287 4747
2923 3211
4206 4894
4755 7202
5083 3241
4537 6000
6129 4586
3013 3111
6158 6712
3299 5842
2353 6627
5357 6120
5410 4965
6181 5623
4134 7208
4618 4529
7673 6930
3290 8029
5027 6388
6550 3215
8310 6342
4134 7611
3905 5369
4344 3339
3272 6479
3415 4403
6678 2747
3316 6113
6020 7259
3302 5955
5143 1219
5905 6136
3523 9351
5589 5767
4772 6758
8085 6235
5524 5077
6051 1995
3843 5814
3517 4268
8504 5197
3893 4422
4627 5578
4609 4139
4374 6558
4334 4939
5661 7452
6519 5573
5911 5853
5176 3446
6562 3789
5275 7422
5023 3526
3023 5774
4473 7607
6204 5886
2666 2641
3936 7502
6351 6293
6154 5927
7054 6145
3582 5555
4738 7451
2187 4638
5146 5219
4380 3075
2354 6330
6106 4392
4622 1962
6973 3032
1782 7078
1380 5538
4985 3976
4787 3784
8024 6398
5827 9841
10022 1831
5726 7348
3325 5290
3117 6353
7905 3590
3446 4486
8084 7086
2128 6828
2723 4258
4385 2326
5265 6059
6949 -129
668 6083
6409 6788
3982 3732
3679 6580
-1407 5409
3026 4183
5200 4927
7439 6307
3504 4470
4371 4673
7926 384
7277 4459
2565 3980
5118 6208
4626 5784
4201 2953
5680 7392
5521 5721
3656 6087
1471 3523
8144 7448
3650 6554
4646 5363
5717 4628
5956 4047
5329 5912
6669 6215
4369 5366
5573 3125
1629 6744
5857 6943
1809 1102
6950 4243
3308 3220
2568 6852
6452 4391
7064 3906
5642 4417
5153 7040
1837 4758
3620 4646
3728 6436
3853 5116
1951 4387
6527 1323
4261 7780
4857 4779
2304 6957
5863 2904
3014 2752
5901 6779
5814 3528
5784 4970
7601 4329
4847 7001
5039 2819
3664 5394
8031 7780
7877 4533
6415 3666
7118 6964
5319 3881
7226 5604
6523 5367
4430 2001
8420 3721
3035 2158
4889 6943
4435 3601
5819 1581
5513 2762
3774 6345
3365 3542
5272 4864
4552 7087
5411 5164
4807 8015
4579 6693
6074 2972
4786 6066
5944 5245
5026 2621
8553 7323
4948 3971
4977 2977
4957 4503
4648 6311
4841 2098
5728 2878
7220 5839
3374 6088
5859 8035
5954 3376
5950 5770
4256 2351
7292 4125
2691 5163
5421 3462
1547 4727
6035 6262
6239 4180
6335 4673
4091 5524
3678 3016
1896 5405
5534 8317
2265 4940
3622 3998
3532 6550
4437 8404
5037 4184
2923 6039
5054 1954
2976 9482
6053 2784
3375 3205
1679 7598
7037 5775
2837 6554
6875 4685
5059 6642
3928 5803
1490 6986
4508 5771
5179 2418
3420 5340
3957 5603
1177 4160
6681 6510
4752 5012
2734 5347
4483 5779
2871 6564
5815 2949
4358 6172
3410 8443
4330 3909
-209 2123
4538 4741
4731 10209
4527 1319
3517 3001
8491 2796
5822 4717
5022 6214
4623 3949
4835 4598
6067 4925
3211 4895
7308 2023
5964 5810
4955 2206
5497 4450
4251 3810
4453 5181
2605 7489
1404 4528
3453 2921
5767 6701
6000 1355
6065 2690
2850 4230
8355 6332
5425 2548
3759 7219
6480 4333
7755 5424
5350 6591
2263 6382
3261 5463
6504 4541
2704 9039
4759 3361
867 4241
1047 5910
6019 4916
5047 4334
7715 6660
7867 3506
1526 3990
4093 6122
4820 4318
4088 3855
1647 3686
5237 3754
3694 8194
7846 4912
4783 3226
5411 4962
3146 5572
7084 2811
5664 5203
5217 2971
5277 4544
4098 6816
7933 3395
8085 6214
2178 7950
6798 2812
5484 5966
4921 1759
7533 5870
2921 5429
5838 4697
6330 4060
6628 6637
7068 2121
6206 8423
5412 5302
4022 7045
7414 4457
5289 3870
2557 4430
5350 4042
7309 3179
4972 5551
4953 5905
6966 3994
8321 3681
5055 6488
4061 3854
5967 4019
4560 3121
7156 5620
5620 5982
7182 3988
2249 673
6352 4326
6404 4051
6373 4272
3209 3586
3361 7291
3033 2745
4853 6463
6562 9169
4759 5958
6281 4231
7984 6450
5469 3186
5068 5262
3338 1681
4318 4713
7203 3045
5712 4096
5029 3893
7726 3022
4535 4344
4799 3772
2909 2289
3874 4765
4321 4453
5234 4815
1281 5512
3673 3520
6215 4683
7814 7468
6359 6342
4128 7498
2468 3859
4941 5914
3292 2857
6952 5343
-580 3240
5038 6755
6396 6328
4239 3899
3428 2440
5959 3131
2911 4558
4970 5894
7920 3671
6226 6387
3126 3573
1344 644
6699 2392
6802 3496
8263 3197
6547 3475
1887 7269
3175 3751
4488 5521
4772 5622
4536 3415
5033 8261
5925 6358
6111 4995
5638 3089
6590 7794
5259 5959
3828 6711
5456 1567
2350 4722
7138 6026
2113 1513
7015 3953
7566 2371
3628 8234
7906 7438
1916 3096
3258 5391
1488 8651
5223 5248
1713 3273
4256 1844
8010 3376
5319 6343
4282 7524
7968 6345
2034 3477
9217 3509
6043 4026
3793 5276
6212 1512
3975 4806
6140 4886
3535 3420
6085 2388
5059 5815
7982 3732
7306 6102
3586 7957
4011 5030
4196 3072
6105 4138
5065 6798
6932 4611
2430 4776
3330 6368
7500 5246
4544 4543
2389 881
5760 6377
3689 6638
5577 5235
5174 6134
7060 6594
3383 4366
6589 4877
6597 7095
3704 3947
5008 4396
5166 4181
3973 2761
2920 5251
3426 6822
4251 3193
5726 4573
9815 4867
5525 4389
4807 9046
6096 8941
6398 5387
10449 7784
6285 7191
2381 8109
5723 5037
6062 6459
6821 2105
4561 4760
5076 4361
4918 6261
6039 6138
5487 5929
6700 5526
5134 1789
4007 6868
6690 5296
6939 6682
7569 4435
3555 3158
5983 5989
5641 3836
4488 4106
3674 2436
989 4121
7415 4275
1534 5874
6795 8036
9371 3342
1517 5166
7937 2062
8983 5742
7077 6536
5037 1689
3237 5644
1261 7610
6001 2548
7742 5073
5582 2915
6171 1563
6819 5768
7847 6138
7698 5723
931 7627
5194 8793
5134 2139
1828 7991
4513 5427
5678 8309
6747 5448
4850 3080
6209 800
6085 5644
3602 6620
5735 5642
4474 6199
7375 6275
2475 6045
2628 5357
6566 4628
5088 4784
5619 7776
6760 2576
3289 4234
7290 6461
3303 2744
7645 4108
8845 998
3778 1974
3186 5490
3427 3464
6306 3451
4656 3985
4169 557
3816 3032
1685 7191
4135 5188
5723 3882
6323 7597
3695 7160
5819 3011
8294 7236
7450 9717
4731 3188
5665 2361
2677 4137
7218 8399
5092 -432
579 6835
6712 5718
7231 4673
6084 5704
4754 271
7000 4742
1437 5200
2716 4886
4588 2661
3819 1563
3479 6554
6483 4833
5803 3448
5963 5715
4157 2257
2044 5407
8181 4634
2584 6864
3447 2487
4758 4992
5561 7776
6218 3516
5181 1459
5106 3695
5467 5362
1974 5957
5732 2747
2169 8015
6527 6164
1051 5023
4583 4706
7225 1232
3954 6307
7315 4167
7050 3210
1693 -96
2757 4979
1912 7278
7524 4748
3850 4637
4020 6372
3391 6300
7324 4843
7475 7773
4360 2432
3887 5336
7424 12423
6843 5668
3755 6134
5491 4695
6631 3144
6869 8492
4924 5432
2845 5694
5538 4322
8139 9170
5400 4064
4352 5442
6106 4901
4392 4163
7960 5287
4215 4124
7245 6715
4047 6524
5863 4766
2003 3606
7677 3940
4127 7487
4983 3551
7406 8465
5292 3196
7274 1452
4310 4006
3044 3743
8545 993
4382 3537
1950 5920
4740 5317
5662 3991
5241 5967
4374 5583
6237 139
5397 5798
921 3403
699 6882
3257 4899
6915 2958
5348 7421
6685 5927
5961 6095
5310 10530
2619 7123
6330 4866
5194 3470
7512 5986
4518 4044
5475 5231
3437 5527
5293 4130
3874 4060
5334 4918
6666 7079
4270 5668
4298 3826
3736 3769
4046 6042
7507 6012
2411 6866
4123 3849
6690 3867
4877 5589
1518 5752
4475 4823
5826 5385
6224 2522
4265 4808
5448 4606
3056 3259
5585 3766
3327 3395
2262 5642
3775 4234
2069 3726
6298 5784
3675 4539
6766 6308
4663 4534
3571 7089
4552 6545
6309 6870
5735 3190
4382 2374
3977 6733
4472 2720
1371 3119
2881 8407
3891 7556
6147 2795
5837 5915
7996 6965
4667 5444
4826 2795
5152 3075
6216 4837
3033 4449
3798 8674
8141 1933
2929 7271
4952 3985
2615 2007
4930 4948
4972 5695
2607 3379
4655 5153
5714 8321
8459 2349
2160 3974
5501 4380
5896 4663
6599 4972
5637 5310
7422 4139
2178 2732
7372 4715
6364 4218
7232 4034
5527 4242
2429 4294
2572 6299
4419 7232
5258 3760
4024 4020
5059 6987
4457 4747
4446 8060
2637 4466
4430 4405
1215 4160
2552 4521
7348 6647
4560 2456
8234 3268
4840 4629
2702 3457
5275 4081
4742 4699
3621 9089
5517 3679
4685 7355
4806 7028
4716 4254
9833 7039
6823 3702
4697 822
3144 3546
4172 4032
3990 3931
5084 2602
2879 6894
3361 5499
5394 3847
5794 3404
7442 7307
8419 5016
5514 6376
1764 1703
5958 5863
4615 2956
3831 3773
4732 7222
6326 5555
3898 4485
4837 8353
4400 3033
6269 5231
4553 3597
5169 1491
6479 6999
5324 2637
2598 7247
5018 5277
3788 6578
5004 6635
4666 5095
3113 4453
7035 5308
5496 4650
3729 5448
2737 7558
8725 8054
4959 2195
4364 3993
7338 2021
1388 8152
7449 301
2860 5188
6157 4338
5976 3906
6901 1840
6836 6181
4929 1309
3242 4242
1825 3166
3469 3574
4405 7983
7774 4175
6092 6971
4557 2073
2735 5109
7827 5305
5818 3076
4324 3320
8759 4428
2963 2668
1833 2424
3235 526
6821 8125
3218 4096
6457 4134
3874 7767
4676 8183
5802 5467
2031 7058
4092 3628
3570 5195
3066 5677
6928 4172
7337 4384
6214 6237
6259 4455
5554 11729
5360 5757
7609 5984
8128 8112
7075 4124
153 3235
4557 7157
2431 4925
5653 5914
4675 4643
3605 3112
7234 5943
2017 2634
7404 5439
4378 3659
6427 3262
4328 5233
1893 4577
2791 6103
4688 5478
6460 4639
3434 8721
5248 2996
6375 5549
5250 4641
7582 4947
6009 6485
2755 6171
3961 2524
5792 7028
3626 5319
2620 5916
5752 7301
5909 8004
2903 5669
2226 2291
7362 4247
6218 5210
7326 5939
3392 6536
4708 4830
5707 3568
5792 2262
4118 2265
9659 5289
6616 5021
5752 4027
4368 5147
5163 5942
6590 5066
6941 2541
3980 5867
9233 4027
5091 996
3087 3547
5355 4232
7304 6058
3274 3698
4984 5591
6063 5577
3020 4586
3101 5060
6090 4956
1898 4482
4905 4472
2538 4369
6737 7165
6213 4589
4084 4933
4409 4611
5320 4142
4282 3950
5595 4340
5215 5415
6144 5551
3774 5684
7673 4499
4484 4474
2293 6564
4500 2108
4139 2324
669 5050
3174 3953
3867 4151
7107 4450
7963 3046
2892 3926
4411 6384
4661 5567
7015 5034
4712 4188
6560 6057
6578 4766
6486 7679
5054 7649
6243 5113
5432 3933
6453 7074
7748 6734
4933 5887
4994 6092
5319 3388
5935 6693
6535 4648
1746 4404
5013 3593
4923 2868
4261 3989
694 5822
7368 3640
9296 5610
5367 3626
2683 5330
5022 1719
5844 10131
5058 5551
4922 2195
4898 5124
3391 2997
7181 7394
3343 6814
4898 2866
2884 5777
6898 7101
5124 4237
1388 4542
5014 5030
3414 6401
7190 5898
7099 3514
3566 4293
4363 7495
4503 3912
990 5640
6188 4874
7587 1786
7569 6043
5053 4756
5859 6115
5238 3725
8436 3348
3729 2837
5719 5614
4954 6379
5571 2867
2300 3437
4931 1220
3242 6812
1606 6411
3999 5011
4472 4159
2473 1898
3326 2897
129 3945
3795 5133
7378 7573
4305 5998
5031 5838
8063 4874
3826 7973
3475 1572
7367 2471
1512 6335
4821 5251
3451 6481
5785 6004
5961 4807
6251 8036
4899 5350
6531 5133
2975 5861
8112 1565
4675 4287
6007 8661
4344 5485
4458 6113
5429 6886
3121 8699
3500 3759
9479 6325
5774 2878
7175 3239
3835 8966
6645 5351
3985 3906
6681 5490
4196 3289
5731 5668
3744 7703
6411 8871
3828 7734
5260 1510
7395 5023
5204 4296
5001 3237
4716 6377
7046 4803
5341 5202
5175 2634
5351 7116
5019 5898
1257 5355
2647 4815
5677 3592
6046 6803
3711 3082
3025 7687
5311 7535
8916 5675
7113 2384
3700 4446
2821 7383
6140 6584
10671 8857
8653 7630
6838 4881
3523 6718
2843 2000
7475 6223
6151 4229
5312 7717
8222 5534
9465 6485
5816 5696
5530 3475
6114 5713
3221 4741
1438 3777
4242 4758
4679 2336
7955 7110
2316 6944
5094 4575
6893 2991
3603 6916
2759 5518
5994 3183
3460 2229
6774 4198
5244 6202
7001 3574
4439 7737
5745 4808
4926 6306
5178 3299
4251 3442
4161 5609
9701 5280
4883 4695
5881 3144
3687 5475
7155 4934
4599 7964
4717 4697
7420 1737
4147 5211
5536 8231
7252 2238
3278 5763
1178 10005
4431 3634
10791 3025
3864 3509
6224 3890
3956 2779
6011 4411
5499 4111
6755 4043
2917 4910
3827 3394
4957 4727
4890 6372
3522 3768
6810 9842
3767 5267
6080 8600
3520 4492
3048 7913
5540 7660
2653 5657
7014 8186
3245 5941
6083 4613
6572 4565
3836 5036
4325 4848
3360 4500
3934 2979
2578 5070
7052 7430
5351 6162
7913 6604
4579 6013
2957 1982
5609 6904
4122 5648
3616 5141
4961 3569
4011 1952
4192 6406
4313 2126
3653 2683
3336 3835
3698 6795
6947 4379
4670 870
3830 5930
5864 5133
3731 3750
6455 1852
6387 6609
4672 3398
3437 5292
5802 2266
121 4565
6421 5324
4393 5427
3987 3619
3787 5252
4971 5099
4399 4610
1757 4479
7305 6148
3338 6682
8480 1673
4275 4737
2371 5838
2929 4296
4711 3925
6832 2282
4906 3800
4839 6509
4136 2645
8512 3570
5468 2659
1212 8757
4713 4946
4608 6590
3455 3612
6527 3814
6727 2016
2296 5303
4043 9128
8133 5787
2591 5265
4659 6809
5099 3886
6036 9252
5825 916
5042 5226
6366 3407
2628 5702
5043 3815
4211 7322
1513 6339
6323 3268
3771 1668
7062 4225
5757 5595
6294 6211
3759 5115
4024 2928
5685 3322
2195 3199
2420 5439
4278 4975
3202 4436
1672 7028
5813 5801
4413 3020
3155 4460
6037 4306
6390 7134
5334 5879
2749 3432
2036 4085
6971 4916
4828 5219
3278 6337
4098 7759
7999 6997
7424 5186
4355 3237
7288 3463
3367 4833
2333 6046
5872 3976
4233 3177
4805 3895
3714 3887
4689 4447
1796 4600
6873 3607
4574 3873
10714 3694
3128 5351
6129 6045
8907 8226
2427 6733
6027 5239
5176 3732
7878 5328
3631 2279
2055 4020
4504 6046
6661 8613
3962 3905
6984 6049
4781 9168
5337 519
4678 3449
4886 8039
5795 4765
4712 4827
3435 5970
7980 5666
3915 7427
3560 5055
5381 4789
5153 6506
-506 3441
3409 4881
6769 6148
4377 5968
2803 563
3659 3970
5108 7476
4316 6536
6419 5718
3810 5550
4338 4215
6203 3040
3505 2632
6725 4997
4015 5602
5968 5310
6655 4965
8583 2904
5580 7313
6941 5421
6945 4583
6695 4407
5214 5741
8082 874
8419 7126
4634 3005
7752 8469
4078 6520
6788 5114
3293 4695
7537 1654
2580 5106
3582 4651
8938 5636
5349 6795
5018 3938
6657 5970
2915 4287
5953 2153
5611 7061
3050 4503
7599 5395
2226 5845
5321 8486
2990 7570
6983 5039
7506 4696
3994 6371
4792 2618
3597 2310
1434 1694
6270 6143
3076 1443
3678 4498
4224 3569
3838 2101
7448 6908
2030 3879
4356 6850
5217 3941
5974 7762
6211 6067
5359 7663
7573 4376
2562 5555
5489 2377
2379 8039
5538 2709
2661 3015
7961 4935
4212 3070
6811 3729
5256 3732
6101 4370
3500 5615
5016 6182
3963 8946
5300 2584
5855 3856
2635 7325
3507 7362
3617 5382
2654 3853
5526 3996
5621 5650
2976 3106
6243 4101
6443 4807
5739 3208
4419 4695
5472 4621
5134 7704
4676 1658
3373 4350
123 5570
4532 4986
5864 5987
5163 3578
3712 8103
5087 8716
4652 3539
5976 5856
5873 4754
6205 4163
3593 5252
3243 2656
3996 3490
5689 5499
4923 3358
7632 4532
4968 7217
5450 5131
2941 6042
6970 7566
5702 3911
5135 5570
5842 2607
4551 4210
6367 7359
5529 4634
2142 5724
4546 8909
4944 6705
4667 5434
2773 5296
4811 7518
6863 7897
6753 6352
1878 7375
5173 7517
5929 5847
6656 8201
4764 7599
4945 7321
4356 4226
3061 6014
6496 7112
3591 4890
4571 7407
2657 4155
4554 6643
4060 6068
4958 2352
6196 6803
3988 5202
4162 4230
3890 5379
6343 5505
5155 2549
5429 3326
5277 5729
4157 4428
5110 5634
5270 4540
5449 7397
6253 2752
6378 8991
6672 5547
4627 8038
3502 4563
5099 4745
3771 5777
6001 3161
6571 6745
3095 3904
3617 6932
3823 3669
3205 4656
3707 3673
7370 4819
3821 4657
4477 6598
3082 7013
6006 6273
4854 4704
5968 7559
3758 3766
2002 5472
2697 7323
7012 4882
1773 6170
4716 1848
3855 7421
5459 3276
3563 5435
3572 1544
5694 4420
5575 2102
2283 4684
5178 3756
7278 5782
6980 5565
2571 6596
6590 3904
4443 5708
3200 5923
343 7799
7309 5426
4180 5395
6449 6061
7040 6172
5693 3921
3746 3443
6560 11887
7686 2987
3986 7813
5168 924
7229 3981
2843 3589
6542 4252
5231 4084
4673 6139
8882 6171
1250 4567
2858 6005
6710 6589
3858 3294
1718 6655
3995 5910
3941 4734
6952 4396
7434 3373
3158 6496
8050 4956
7361 1052
2062 3444
5069 4855
3012 8965
8197 5810
5362 4977
1573 6063
2921 6149
8757 4474
4300 3606
6515 3422
4015 7323
3714 3110
5678 5349
3884 5575
6394 4700
5713 6527
5783 5539
5532 5300
6294 2485
6773 4619
2194 5217
2529 4323
5234 4505
5527 5779
3792 5001
3061 308
4344 4611
5292 5108
5286 6391
3505 6893
7127 1842
7317 8627
5290 6559
3262 4889
2717 6610
3667 4249
8243 4140
3386 1063
7067 9789
7558 2642
4833 4310
4190 7605
4248 5980
2579 7629
8208 2775
4953 4858
5512 2782
4571 4158
6541 5099
735 4892
6173 5919
2371 6484
5365 6205
5449 6039
5162 7384
1502 5994
3928 8023
6857 6591
2884 4373
4961 5248
5150 6258
2486 5502
5709 5058
5726 4128
7293 3784
4983 6684
5323 5759
3361 2651
4829 7009
3443 5602
3448 3256
7742 4830
3712 6521
5923 5729
8367 8224
4090 6857
4510 4278
9015 5426
2240 1737
4286 4505
3750 7024
5598 3457
4621 8931
6365 1204
3845 6375
1482 5267
5113 5914
6329 5243
1306 3664
5898 4576
4764 5900
4555 6697
3768 6413
3349 4075
4780 7049
3721 7500
5461 6414
4667 6489
2845 6973
4618 2215
1252 3897
7119 6578
4828 5139
4003 5176
6792 4814
5941 8879
3154 6595
4547 8621
9253 5190
6030 5527
4011 2313
7356 7081
4610 6561
2197 6659
2672 5210
5735 5610
5540 3896
3506 3775
6377 7134
7589 3612
4061 7706
5259 5235
6976 3701
7411 5619
8844 4896
9172 5813
5301 8085
3900 6179
3069 918
4827 7847
6113 6044
2466 6328
5624 6560
-114 4873
7912 6530
4345 350
4827 2640
4737 1352
2340 2882
1773 2954
3817 8921
3934 4876
3064 4072
4202 4289
6489 10322
6344 6987
6737 1451
6055 7576
4612 5495
6127 7672
8327 7190
5872 2300
3027 5522
5965 5335
3236 3814
4894 3572
3657 3427
4912 4375
4156 4085
7793 3064
6790 3085
5165 7147
6108 4420
4009 5205
5860 1923
4994 7043
4801 7121
6746 3176
1904 3886
5835 6521
6384 2540
6003 8818
6360 3410
414 3811
4541 4076
3369 4222
5309 2251
3175 5047
4614 7015
3340 4064
5228 5464
4403 6400
4564 5353
4585 2354
6101 4972
4827 2445
5534 4230
5044 6522
5913 5867
3641 4337
1218 5618
4293 3174
3934 3719
8047 6453
5989 5309
4753 6360
4802 6124
5292 4048
2385 6061
4163 6330
5992 5808
5949 3130
3717 6468
3284 6430
5574 4861
5815 4561
7527 3078
4770 2273
4033 5544
5736 6173
9591 4813
4233 2593
6483 6486
2692 2862
3159 2688
7353 1537
3655 8266
5540 6334
3192 3551
7478 5667
4958 3084
6392 6663
7884 6586
3261 5076
7975 3021
4102 4992
4710 4341
3421 4053
5655 6548
2699 4340
6177 1118
5227 2694
5535 3905
5111 3571
4560 5752
5243 2164
2424 5415
4684 3943
5644 4022
5090 5398
6448 3610
5351 3818
5769 5530
5347 4962
6263 5887
5257 2359
6440 4222
7744 2857
7743 6270
5120 6088
4119 2823
2678 5141
5959 6153
3922 4281
3404 4480
4027 8397
1362 4487
4844 6129
3699 4749
6638 5219
3951 2771
3040 4706
2824 2575
2993 7909
5389 7117
3649 9452
4731 8053
3656 3391
6082 6839
2605 3870
6711 5440
3696 5171
6982 7386
5845 5048
4301 5847
5465 5221
5927 5959
6627 2107
2034 4499
4970 2625
5343 8217
6150 3791
3914 5628
5362 2614
3418 2107
3765 2838
3496 6422
5886 3849
5854 5367
4583 5828
4319 7673
3797 5873
5006 1463
5628 4216
5818 4504
5734 2761
4063 4622
5248 3378
3056 5911
3482 5694
3460 886
4584 5724
5608 8209
2995 5972
5789 4805
3706 4472
1748 5228
8058 3907
2035 7963
9228 2163
6371 5739
4995 4392
5690 3653
5001 3243
5891 6419
3333 3830
5042 4392
6782 5110
5782 6016
3827 4949
5118 3323
6351 4987
7231 1832
1653 5842
1475 7178
2758 4134
103 8485
4800 6890
5054 5427
5543 5153
5754 5171
4197 4856
3884 3109
4365 5596
7170 6166
5118 4976
3144 3376
5208 5941
5282 2052
3877 5701
6920 1145
-140 6138
5873 6154
6884 2898
3417 5599
5044 2622
5256 7391
4245 4478
5335 5242
4912 5812
4473 7778
6538 6043
6662 3185
4402 4638
3365 4861
3475 4501
4853 7214
4659 5286
4571 5581
2613 4585
5520 3866
1935 7666
4686 6190
4669 2425
4630 6382
6451 7112
6610 608
5102 4482
3314 4537
3006 3523
7192 5829
6001 5313
3018 3289
5486 4731
6079 4537
5582 6551
4698 6265
6880 4832
7745 7730
4796 4695
5060 3812
3741 5482
1362 6454
3830 5747
5156 4598
2482 5557
2724 4126
5252 3924
5848 2770
4469 5371
4731 6808
5197 2517
3251 6349
3864 1921
2857 2917
7443 7185
7459 5836
5121 2711
5977 4088
2606 4935
3976 3754
4879 4284
2689 5928
3440 5690
5850 5866
2697 3813
7386 6530
5969 5232
5220 3274
5066 5041
2381 2757
5018 3359
4793 1568
4305 3203
4309 4938
5645 5654
4600 5085
3753 3202
3873 6573
6167 5640
7594 3481
4537 4519
4379 3376
7631 6163
5764 4433
4298 4680
3282 5869
4766 4047
7002 3668
7529 2918
7536 5411
4962 8299
6271 5151
7164 8693
5772 4241
4599 5906
6228 4584
6017 2058
5924 4767
2532 7038
6897 4484
1851 5112
8631 523
6899 698
5386 2295
5596 8785
1213 2980
5018 3061
5984 7872
6148 4367
6061 4495
9976 2330
4482 6103
3716 6028
8045 1568
3962 3520
4508 5562
4949 6668
6273 9250
5313 5144
3941 4799
3676 6699
6951 5563
6009 5744
7137 4580
4092 3316
2338 5228
5510 6637
2001 7428
7234 4669
8044 4110
3970 7154
4768 4866
7592 7134
5128 4765
5395 3565
5387 5560
2746 5555
5661 6063
3021 4736
2832 1708
3196 4338
3502 7345
5982 5018
3843 5738
4839 5413
4117 7162
1742 -62
6237 7676
4017 1916
4773 6384
4775 3201
3858 4143
7897 2963
6270 10154
6783 6357
4404 4973
4763 4270
7630 7559
2696 3015
2335 7107
3669 4652
5390 4279
3923 1077
5967 5307
2401 6168
5490 2127
4430 4487
3967 4173
4603 4996
4102 5029
5415 4143
8337 7734
3612 6171
2944 3311
8017 8101
5726 3421
5164 2186
7299 5781
5485 3862
2503 4213
5454 1587
6071 9027
7888 6930
4967 6473
5859 4399
3721 6240
5697 5059
5842 5868
4675 2189
8811 1148
6986 3944
3063 4916
6331 2989
5617 3897
2833 6124
3809 5959
7052 6621
4553 6873
2504 4025
5735 4053
6621 4222
5549 5098
4217 3737
6318 4166
6542 6657
6691 5321
2258 6111
8070 3832
7446 5000
4394 6666
5636 6237
5946 6190
2598 3357
6840 4476
4612 2095
3771 5613
7460 2839
5319 6001
4079 9412
3507 6876
4625 5553
7122 5962
6261 5774
5013 5273
10429 3581
7968 3889
5533 3415
6440 814
4400 2769
4397 6754
4972 3374
6364 3627
4705 7157
5567 5648
543 6735
3354 3455
3293 4121
5270 5281
4798 4267
5589 4303
4673 7376
3444 4106
4724 1641
6524 4795
5997 6750
9820 4915
3195 8448
4995 4559
8719 4118
4987 3873
3872 3162
4787 5926
3203 2999
4811 2851
4059 5325
6978 6368
1798 5293
4241 3218
1423 5272
9219 5664
5705 3145
1493 4589
6373 1588
2915 9299
4903 5745
6863 5252
6817 5632
5651 4360
1990 5951
7923 3781
4882 7622
405 5374
862 6387
6865 3981
7582 7608
2838 3789
3105 4823
6558 4707
3566 2199
3455 5164
6606 2563
7669 6636
7269 5858
4880 4370
8409 8375
5777 7496
4097 5827
6058 2795
4910 3829
3822 3148
6730 5638
4232 5141
5249 4356
4655 6433
3619 6303
5218 4105
7565 5079
4268 9566
4852 5270
8202 4062
4869 7019
9085 5119
1336 5903
6519 4577
7900 4609
7082 6690
5888 4763
6873 6116
6675 6298
4440 3941
7649 3119
4347 1969
4952 2253
3444 2725
6998 0
4891 6522
3168 7424
6206 5344
4926 4917
6229 3606
4092 4988
3164 3471
2726 7255
5551 5959
4450 5753
5536 2788
6442 4596
5557 5967
6498 7189
4203 956
223 2918
4823 5474
3647 3931
5032 3026
4731 6238
4904 4145
2272 4819
7847 3490
7007 7142
2583 2437
5221 5031
4644 2958
4321 4274
3911 6896
8892 7469
4421 4924
6938 5523
3548 6303
3863 4122
6723 3264
9729 3374
3234 2896
5014 6786
311 3377
3584 5042
5963 4310
4756 4361
6625 4839
5849 4694
4344 4116
6437 6270
7528 2743
3493 5670
1577 5023
4122 5340
2573 8827
5023 6971
8992 3295
560 4692
4702 6683
3635 3826
4474 2633
4892 5581
5679 3781
2378 7874
3318 5850
10795 5860
5694 5527
5146 6735
4668 2536
6565 4655
5310 4479
6190 6260
7678 3833
4400 5916
8691 5107
4182 4899
5759 3500
6205 10908
3020 5756
3363 3939
5621 4859
4523 1256
3011 7989
6053 4431
4248 7809
5514 6934
7967 6912
4378 5179
7695 5630
4104 5684
5762 5462
1763 3964
5339 3398
2171 3369
6794 2243
5078 2817
4777 7995
5275 6740
6924 5038
5639 5645
6810 3433
7866 6174
5466 4004
-51 5780
3106 5255
6601 5101
4087 7645
5151 4491
5456 5661
3514 6621
4354 5950
1750 4563
2479 5031
6124 1520
3200 1923
6389 5170
3046 6404
3774 2613
7648 3768
6443 4451
4217 2746
4933 6233
5541 6426
1860 5653
4921 4616
4302 7037
2300 9822
5375 6725
7702 7695
9672 5364
6565 6041
4267 4379
3543 5895
7200 4443
5017 5951
6108 2941
6973 9033
3098 6604
8343 4963
4386 4566
5595 8264
6131 6526
4463 6777
6821 8934
3181 4698
2889 7266
5516 3289
9637 4461
7581 6528
7702 5643
3058 2921
8490 6107
5307 4549
4742 6545
8051 2795
457 4076
4358 4201
7830 5815
2522 8375
7465 5557
6951 4838
3459 6209
6914 3297
5053 6049
5594 4618
4498 5258
4580 9355
5694 1633
6751 1501
6513 1739
4515 3755
5547 5664
6344 2963
4891 6148
5149 4152
4516 6808
6064 7269
5512 3684
5927 5902
2976 3840
4656 6299
3270 4505
3641 4315
1562 8235
5397 3952
6640 5369
4085 4199
4527 5818
3835 4125
6360 8103
5018 6805
4550 3596
5031 5335
6847 4906
2986 2399
4819 3110
5969 6382
7906 7998
7506 4388
2273 9348
4633 8611
3642 5996
5675 4198
4907 6727
5602 4947
143 3156
4547 5193
8291 3275
3678 8338
3975 10690
3679 3148
4046 4081
5514 3798
6506 7108
7236 6267
5831 2583
2168 7583
5344 3971
6331 5219
5753 5985
4509 1638
4998 3282
7361 2071
2169 4883
7191 2999
2945 4775
6992 6390
2143 2422
3870 4560
2088 3303
3060 5216
4913 2480
8936 5486
5255 4142
1280 5391
4539 4114
2832 8434
6990 3931
8534 4632
1994 6208
4190 454
4813 6287
7099 5557
3332 4178
-1165 9073
3241 1820
3073 7375
5814 5924
5687 6702
2932 6601
5497 7331
2528 2103
5311 5793
7146 5310
5317 6533
5134 6725
6623 5509
3942 3586
8379 8011
7436 3645
6724 1919
7560 4069
6057 7692
1655 3711
5869 678
5766 2676
4710 6681
3125 5583
7877 6746
5623 3547
3801 5960
5531 5109
5225 4808
3648 1165
3947 5667
5786 5512
3916 3327
5711 4733
7124 5202
6943 4193
6557 5468
6665 5123
4186 3802
1883 7020
4242 5733
6002 3726
3959 5160
3960 4474
7502 1734
6412 3269
3476 1930
4292 4886
6418 3093
3269 3261
8008 6595
3563 7077
4071 6668
7289 4748
3991 7726
2868 -23
3850 3233
7802 4761
6979 6145
6006 6328
3948 1344
6162 3995
1949 6772
5395 7428
5022 7190
7482 6815
3387 6948
6662 6198
6223 7396
4465 5296
7331 4849
6546 6218
7019 6462
2095 3234
5704 5728
3195 5389
5135 5643
2363 4714
2546 5894
6704 2778
4626 5641
6306 8443
4946 3606
5252 5448
7026 5048
3738 5219
6951 2343
7351 2633
5225 6077
4851 4026
7444 4936
3401 5368
5014 4462
4510 3718
4749 886
4499 5926
3216 7363
6145 5019
4640 1835
4785 3322
5112 4427
3492 2240
4290 2383
3795 5137
6551 2312
7784 6548
3228 5877
7198 3697
6691 7593
2994 4595
5364 6513
5854 2808
5798 2529
8116 3703
5689 8099
6055 4640
5631 5810
3642 5082
5128 4438
6872 5434
5381 6456
7346 6951
8355 4146
5796 4748
4169 2276
6495 3732
3619 6874
6405 6916
7086 2768
7703 7083
4313 5094
1444 7099
4430 6508
3348 7420
4471 3456
5477 6069
4416 4585
4379 5919
6596 5023
5918 3794
8089 7068
7030 5625
5370 6414
5144 2461
5138 3532
5845 1527
6311 2404
4173 6535
5169 5114
3997 3823
5860 8033
4323 4603
4311 7890
6801 5679
-507 5182
5068 3508
2722 4553
8797 6729
7694 7534
4803 1922
4393 4700
4414 4627
3387 3530
6416 4698
3578 6594
7900 2687
5682 3650
4918 3120
6912 3142
2175 5197
6770 4885
2648 4810
5718 7107
3226 5582
9201 3692
6411 3870
2658 4031
2789 4487
5219 2900
3899 5401
421 3957
5886 4452
3935 4616
3424 5562
2833 7613
5359 6602
3550 5170
4730 6565
5751 4015
4610 4121
4101 6561
4425 5400
6394 6674
5403 4867
2784 5276
7695 2964
5754 5344
2174 6446
6384 9428
7322 7691
6951 5521
4074 6237
6369 7960
4517 5802
441 6244
4560 6142
4728 7492
2475 2240
5294 7265
4998 5724
6724 3700
5970 3434
7511 5597
5819 4059
1081 5720
8229 4728
6235 5162
9605 6672
5441 4238
3817 4924
5187 2843
5071 6836
4578 5699
3129 3298
4855 3257
5686 1247
3886 1363
6457 606
8109 5721
2884 4655
841 6391
5034 -209
4429 5788
7423 3519
3757 4191
5540 8449
6462 3575
3176 2908
1639 2763
4402 4316
4303 9627
3105 1561
7388 5362
5848 4155
2822 5673
5374 6006
4799 2454
5881 3937
7731 4086
7008 6074
5477 5630
6751 7910
4622 4368
7326 3989
4944 7735
4282 3121
3347 2250
3945 3303
5567 4710
3634 5238
11277 5848
5075 4157
5805 2874
4326 6837
6047 2233
5124 2060
4360 6021
4224 4867
4473 7804
4239 4278
5344 3765
3628 4891
5262 2814
3120 4605
2801 3999
-121 7236
7043 5033
4757 2762
5216 3711
6478 4739
6596 4793
4156 4807
2643 2356
3331 5994
3231 6972
5059 4367
6305 4728
4783 8277
4125 1225
320 5842
4033 3944
4104 3304
7253 3633
6073 4703
5166 3859
3326 10283
4191 4205
6966 757
6193 4204
2900 6245
5433 6293
8263 6600
5252 4815
4182 6440
6276 4989
6170 5528
4712 2702
3389 4926
6330 2786
5413 5140
5337 8334
4284 7003
4531 7809
3434 7839
3204 3004
4441 4113
5614 1458
8042 9074
1899 8064
2910 2268
6219 2988
6235 6443
6945 3893
4849 2571
6838 4471
7667 4829
6904 5392
4031 5190
4175 4189
5512 6205
2127 4260
5277 6475
3130 4594
3541 3988
5031 7264
6488 5447
5923 4887
4392 3776
2940 4021
3133 7298
4845 7220
6861 6325
3421 3579
4564 4365
3753 4897
5815 5399
4307 4197
6193 1813
3543 6069
6197 3473
3350 5440
1656 3647
3899 5040
4463 3094
6410 2078
4084 5407
3433 2511
2314 2291
-757 7318
4232 4893
5913 7137
4699 5061
2798 8015
4905 5401
9371 9142
9735 4079
4858 5690
4257 3375
5224 4744
7728 1364
3326 7251
5077 3603
4529 7675
4325 4375
8276 4854
6002 8017
4873 5617
2607 5478
5063 3135
6048 4638
5097 5785
2641 4772
4645 7555
6749 4646
6310 3143
5666 4148
4216 3364
4619 6068
4712 6857
7131 4891
2876 5803
6660 4431
7838 5181
4317 4843
6449 3715
3352 5229
3359 6647
5133 3880
2132 4142
7694 7602
3637 3445
8662 4150
4969 5378
4682 7885
1966 8184
2215 4327
5990 5602
7092 2114
6639 6355
4850 1675
3358 5112
6804 5964
3260 6891
2820 6696
5793 5883
1064 5482
3120 5217
6484 6492
4706 5730
7717 5832
4282 5778
7756 6425
8641 4228
2108 3158
4624 7248
8215 7919
4610 6306
7888 1804
5000 6083
7441 3740
2307 5431
3716 3963
3176 5189
5988 2686
4886 3166
2891 4965
6507 1877
4548 6352
6604 2929
5512 4956
4417 2302
6890 3657
6659 4483
2263 3952
4585 4021
9066 4358
6015 3921
3523 5919
6962 3325
5594 4926
6678 3201
6601 3923
6083 4389
4190 4610
7906 5395
5838 6320
5638 5404
5642 4460
3548 5218
6521 5632
4268 3537
5087 5847
5554 4703
3393 5942
6595 5402
4901 2551
3204 3489
6063 5209
5101 6309
5083 5798
6359 6702
4904 4712
3961 5781
5768 6799
8669 4380
5064 5005
6015 3450
3246 5249
4867 2150
6254 5326
5995 6610
4612 7632
6165 5906
3299 4856
4619 6334
7047 3937
4171 4886
5104 6945
3568 6587
1516 2134
2975 4330
4618 6142
7377 9084
6469 5643
2730 2342
5731 5675
5339 6157
2096 3798
3678 3633
4812 5732
4359 2161
5518 2772
2643 4500
4693 6648
3870 3631
4607 5789
5436 6946
3207 4145
1990 3896
6646 6268
7242 5219
4643 6469
6979 3640
7799 5501
4003 4940
6517 4637
5474 6186
4555 5184
5609 4029
6144 4324
5965 2491
4700 3961
4166 2885
5525 5683
5604 6108
6784 2901
5160 4875
7636 2913
4183 3202
5457 4621
581 4121
4401 3512
9019 2302
4209 1655
4229 4054
5652 4932
4077 4938
6771 4405
5694 8372
2368 5200
5147 5188
6758 4813
5957 6715
4771 1028
3708 3358
7870 4603
7175 6883
6127 5240
4637 6650
5733 5804
7304 6195
7175 8155
4882 3125
5651 2910
3136 2991
4664 5809
6680 4784
2145 9455
3686 4054
4917 6374
5876 4145
3013 6911
7185 4233
3115 2216
6326 6444
5987 3752
2451 9484
2910 4836
1940 5903
6593 3819
7783 6903
4507 7639
6246 7431
8180 3778
5686 2929
4158 4200
3237 3476
3202 4207
3856 8275
5741 5983
3637 3501
7202 6010
5495 3472
3543 5631
2638 6392
2557 5003
5548 4997
5475 7103
5802 4951
3289 4469
5209 7592
5207 7821
4605 4538
5621 4270
5551 6075
6287 4987
6733 2875
4273 3285
8569 4416
5321 2271
5414 7643
5517 4841
5617 6207
3880 4206
4850 5453
4793 6930
3291 8274
3543 6359
3964 5000
5619 2447
2150 4994
8402 8139
7001 6045
6462 3233
4720 5798
6347 3391
5908 8927
5310 6667
5300 1317
5898 3866
6330 5267
6771 1992
5501 4406
8016 5834
6548 3425
4158 3920
6661 6460
4048 1059
6764 7205
5127 4255
5782 6400
6826 5791
6000 6288
2550 7029
6678 5703
4573 5414
4386 1363
5618 3042
6278 6241
6742 4978
2440 7580
6492 4940
5000 8965
5278 7181
4367 4561
5181 5457
5278 4565
2022 6598
8424 3477
4371 3291
7506 4721
3004 7432
5396 2343
5498 4458
5556 4881
5382 5153
5723 7348
5794 5426
7314 4091
4363 5537
5399 6017
5376 4565
4333 3107
6199 10525
6246 4660
3926 5639
3854 4896
4108 5578
3241 5126
2225 6418
4087 5459
2502 5138
7643 4596
7788 4007
4440 3770
4110 4891
5369 7244
5664 6175
4350 8271
6038 4193
7850 7753
4177 6214
4407 5944
3170 2549
7022 4301
6783 7931
3610 11077
4089 4758
4406 4317
4054 5408
2410 4831
3234 4413
8895 4423
2733 5595
5489 7162
6810 2436
2391 2842
6797 6282
5530 4569
1287 9097
5137 3173
8560 6091
2880 5920
6014 7252
4203 4738
2930 7291
4446 5041
7125 4554
5541 122
4725 1933
2553 4188
4926 6380
5232 1631
9058 6824
3759 1728
5661 3968
5220 4396
1725 5144
6918 6375
5993 3321
7596 1859
2598 6691
3233 4203
5515 5279
5461 1956
4808 4360
4762 5298
2557 3452
8146 4963
7383 6507
5057 9008
5974 7962
6022 6229
2508 3832
8474 7743
5730 6861
4465 3980
6184 5756
3702 3563
4441 4291
4374 4290
3105 4222
6410 5066
5969 4212
3542 2483
6754 2157
3283 2764
5606 5528
5107 6669
2905 3882
1886 6348
2659 8418
4885 5679
7514 6331
3437 6659
5529 9395
5445 5272
6586 3390
1519 5230
2618 4115
2469 5027
7319 7403
5924 5578
6446 1809
3002 7386
8364 5626
5717 5116
5290 6483
5991 6105
5423 3622
4373 3274
5600 2506
1918 6400
2331 4927
5599 5696
5698 7221
5441 4642
5122 6406
3577 4804
3804 5021
5585 2475
4746 4795
5124 7971
1017 9730
4240 5779
6676 5819
4396 1839
5484 3278
1970 6309
5687 5192
3007 4495
4344 6607
4185 7285
5437 4856
4471 2086
4624 6072
5180 7673
4729 5560
4827 5655
4603 3291
3332 4370
4186 1277
7569 4289
6686 8607
2350 4960
1935 5326
5423 5967
5449 5773
6745 2667
6115 3735
7821 4772
8298 4175
5524 8187
5581 6173
7198 5528
6472 3332
5933 4258
5030 7794
4998 5032
3113 9069
2547 5264
5701 3756
3698 5773
2681 2010
6992 5243
4585 4731
6811 6373
3281 4986
4360 4774
4436 4047
4663 3838
4492 3067
3751 6273
6870 5915
2430 4135
6043 7129
6748 5750
4888 3748
6342 8067
6541 6162
2941 4860
4297 5573
1162 6274
4405 3163
4534 4721
5946 3606
7091 3320
2487 4715
3414 5062
5962 3371
5043 5578
1750 3200
2711 4208
5907 4454
5093 1410
7462 6374
6436 5041
9911 4436
4418 3840
5211 1686
8642 4918
3040 2590
6536 3419
3066 5446
3232 6556
2191 6252
8397 2337
7491 5017
5815 3882
6411 1870
6088 4080
4171 3978
4297 3803
3974 5685
5629 6006
5265 6378
5926 4162
5275 3115
3620 5816
7766 5514
4570 1979
5856 7940
6026 4716
4624 3126
5387 4570
6618 3369
3857 7148
5658 4486
6126 6600
3846 5829
5594 3957
5948 4972
2215 3951
6269 5587
3195 5784
4180 5451
7115 4355
5684 9245
4339 6828
4620 4093
4045 2796
3218 6567
5899 3354
4603 5873
5275 2564
2098 4489
6133 6898
1769 7480
6796 3048
5723 3255
4355 3682
6201 5566
2607 5401
4354 7819
4812 6867
6063 5244
3505 2421
5050 5235
7198 7151
4749 5336
5533 2707
5421 3801
4159 6926
4194 3650
4355 6376
4595 6895
5116 3791
2665 8843
4544 5662
5837 4362
5065 5356
7401 4539
4833 7447
5923 3072
2835 2289
7550 3383
2440 3698
2814 3900
4477 3500
3251 5817
2790 5925
8626 5717
6660 7390
2140 3090
7485 4957
5250 3656
4316 5900
4911 4344
4823 7644
6345 2249
7265 5833
4091 4623
5797 6940
8221 3311
3877 4285
4186 4018
5295 4354
8357 2859
6799 4628
5870 5977
6503 5837
6321 6561
5100 5093
2761 5213
7697 5304
6203 5284
5332 5893
4735 1214
5010 3373
1915 2484
6097 7499
6778 6878
8531 4170
7308 7337
6429 3504
9533 5820
4798 3770
2431 8587
3125 3452
3624 5091
3229 3745
7957 5098
5599 5212
4714 3112
5121 4589
3803 5734
6628 7738
1014 6888
1647 7140
2108 4698
4031 6866
5170 5154
8154 4695
3262 4937
6111 5228
4110 5740
6868 6675
4393 6399
4089 3255
6420 2060
5851 7195
188 3004
6467 5275
3927 3863
8511 6554
1120 4492
4235 5734
5803 5717
6545 5850
6795 7129
6131 3732
4664 1492
4927 5468
4490 10057
6336 601
4548 5138
6368 2579
2700 2854
4867 4437
5904 517
3428 6324
4239 6318
6502 7461
6880 2721
5949 3089
5584 4720
6815 4452
3759 2677
3206 8724
5586 6493
5298 6185
4125 2681
4814 1687
2507 1954
3601 5938
5278 5634
2215 2189
2393 4059
3514 3563
4819 8128
1980 6252
-264 3669
5397 1549
2259 4807
5119 4043
4588 5427
4030 4758
6630 3394
5078 4993
6602 4950
5389 8629
7620 8061
4398 8082
5585 5255
7553 3337
7664 5427
6035 8541
4456 630
5176 5338
7185 3839
4220 5326
3416 8917
8078 6664
5860 4828
2007 5599
5816 934
3955 5809
5696 652
6362 4903
4998 3154
6806 2373
7795 6390
4938 8907
2603 7091
6551 4947
4582 2618
9877 2485
6206 3715
4833 5327
4927 5645
4836 4566
4268 6537
2097 4932
5459 6852
5115 4389
3135 2927
5331 3950
8457 2141
4722 2898
4868 4216
3020 5226
5607 3453
3358 7777
6705 6983
3609 5144
4707 4129
1445 5652
5655 7580
4330 5307
4488 6546
4910 6773
2399 6297
6988 5117
7992 7210
5940 4186
5425 3688
6086 4967
3537 1991
4715 7240
2971 6003
6164 5219
7537 3736
5571 3859
1374 4719
6521 6685
2328 2492
3556 5487
7534 5298
5575 5636
4630 7570
4194 6988
4658 4095
7127 4877
5223 5958
5856 5164
3490 4707
4507 6219
3352 2486
8491 5112
3293 6105
5464 4489
1912 5120
3693 7693
5543 2536
1833 4279
7943 5084
3068 2586
2094 2390
-841 2835
2440 3112
4203 1947
1286 2285
7248 6393
3709 4473
4308 5985
7715 3950
2748 6654
2419 5393
3515 2220
7830 6500
4990 3877
4513 2727
4427 5548
3902 5880
6130 6721
3909 4745
5628 7307
5380 3946
5509 4369
3597 3835
7416 5004
5566 -360
5259 5767
5132 4751
2394 3035
491 7103
2656 7122
1781 5316
5119 7053
7190 2440
4821 5040
4100 8513
8879 3290
7168 6138
2534 -90
1615 3966
671 4281
3755 3286
3737 5787
2101 5265
3231 7498
6551 292
2841 5594
7968 4032
8773 5317
6822 2301
3636 9493
4143 6727
6161 6295
3132 5741
4705 6109
583 4183
3445 4398
7023 7468
5890 5213
6064 8330
3107 4694
3067 6295
187 5551
8488 2613
2173 4149
4500 5566
3831 5486
4826 4557
5736 7419
5575 3348
5488 3206
9455 5944
9106 5496
5422 9222
5352 5053
6280 3280
1491 4830
7340 3617
6202 2433
3150 6002
3930 7333
3544 5656
3252 5577
2776 5149
6333 5982
4727 5858
5592 3225
6277 6007
6555 5757
4367 7373
3505 5577
4354 3999
6718 3778
6324 6433
3597 8037
5439 6202
5673 9303
4689 4152
5217 9395
7866 7696
4486 4539
3393 6080
3180 5512
1240 3977
4898 3507
5270 6328
6408 5644
5813 4534
3178 6093
5073 3595
6277 5306
2391 4879
4877 5120
6245 3779
7702 6841
7024 5770
5857 2892
5323 4245
2427 4040
6378 7451
2007 4698
3090 3797
5761 2735
6468 5756
6929 4102
5853 2497
5248 7150
6301 6967
8566 5775
4673 6500
5703 6903
3939 4328
3497 4893
5714 8422
5196 6545
5952 3714
4818 7914
4698 3352
5618 1093
5152 1485
7373 7461
7367 4917
6236 -1364
4252 3195
5862 7084
4232 4834
8296 5688
5151 5390
5710 1351
3079 3111
4758 8307
4935 4208
5144 3927
788 6722
5207 1499
6562 3397
5834 5182
8621 3011
3871 7364
5405 5120
4592 5052
1905 5844
5594 8106
5778 7381
6166 3434
7211 3334
6235 3933
4540 3039
5453 1881
1036 5479
4495 2389
4313 3628
7453 4161
4003 8604
6471 4823
7130 7737
4974 3595
5582 3570
3741 6258
5543 7468
5469 6229
9284 4748
5751 5562
1511 5980
5120 5271
8573 5115
6090 6571
5317 7301
3167 4851
4496 6690
5393 5826
8146 6098
7697 5883
4494 6024
5743 2060
8436 5055
7584 6759
4580 3290
6081 7190
4527 6467
1924 2436
8322 4171
3920 3490
3970 3479
3965 3566
4535 5243
6129 5822
2270 5862
4178 6583
1748 1667
3919 4697
5739 7176
2364 3223
4429 2118
7455 5524
5592 8353
4066 4142
3515 4892
4598 4898
4635 3412
3149 5999
7817 3804
5725 2603
4217 6147
7484 6414
6436 4884
7948 6498
6325 8276
5959 6851
3379 4516
5570 7287
4547 7240
2710 5863
1464 5975
5384 7068
5171 4128
5516 5244
1887 3424
4701 4742
3277 4845
6276 6888
6151 5100
3173 4524
6795 7269
5227 5622
2830 3759
7064 4887
4605 6313
6832 4563
2255 2832
5636 6187
3459 8281
1527 4159
6097 3900
8285 6675
8597 2967
8907 2339
4298 6642
3121 6732
595 5709
4351 3363
6346 3261
4467 3653
7174 6152
1363 4088
2531 3327
2449 4387
5793 5257
7497 1875
4036 7681
2241 3426
6438 4900
1519 6317
6556 3051
6548 7736
4555 5992
8662 3820
5080 6960
6783 5359
2180 6939
4459 5500
5561 3323
9201 2038
5547 4827
5255 4138
2784 4996
3657 3429
3207 6358
5767 9346
5745 6153
5130 3720
4865 3000
4781 7256
4315 6361
5934 6232
3783 3191
3840 6289
3582 5145
5093 3299
3362 1617
6939 4217
4543 4551
4623 5251
4387 4935
6731 4120
4900 5567
4755 2920
5445 2724
3689 5243
3120 3498
4485 6283
7802 6336
2615 4318
3793 3361
2548 5920
4178 3359
4234 4924
5669 6622
3807 5096
4258 5453
6511 6029
3045 6074
7615 5374
4092 3801
7119 6639
6371 3715
3379 6527
2979 3756
1302 3812
7878 3286
1324 6247
5033 6190
6689 3097
5020 4523
6138 8413
4203 5993
1083 6544
3362 5423
6616 9103
6005 8299
3216 6606
4832 5486
9075 8052
8182 4510
3880 5656
4482 7910
4127 3272
5143 5887
4573 4467
6523 6861
4316 6420
6821 9365
7670 8537
3854 9038
6840 3617
4501 4231
5594 5625
3985 5858
5864 4857
6453 4111
5526 3991
6292 3971
6022 8820
4239 3302
5756 7385
9223 5422
5651 6561
3226 2068
4720 5764
5906 6383
6754 3092
3952 2908
4291 8543
4444 6305
7756 4011
5912 5419
3781 6583
8845 2496
5255 4110
3596 5185
4713 2465
6467 3405
7550 3902
6360 6810
6947 6728
5776 7414
5615 6018
4527 3624
4283 7211
4967 3985
3850 4384
2650 1068
2827 7526
6174 6491
2668 4481
6461 5992
7543 5834
4928 3506
6290 4308
5134 6842
4962 4558
3376 2669
3740 4294
671 133
2022 7943
7319 5483
5960 7360
5443 5662
7675 2481
6429 5389
3909 6743
6865 4718
5448 6889
6279 4061
4914 5442
2445 8601
2252 6380
4061 3872
4688 5820
4483 5291
5653 5798
1843 5131
5784 4351
4288 8384
7943 3744
6211 5803
2085 4013
4108 7667
4251 5203
4851 5430
5236 5160
4089 4489
717 4929
1643 5643
5025 3034
2800 5214
1972 5972
4265 5884
4393 4663
4969 5149
6180 4132
6352 2798
8359 2710
3255 4269
5768 2789
5774 6536
3731 136
7282 7215
2327 2359
5297 6207
5553 6037
6684 7578
3872 5516
2525 6394
6464 6390
5421 4418
3650 5247
5743 4640
2179 6901
6047 7351
7647 5544
4080 3658
7296 4525
3946 3532
2384 5975
4552 4239
4255 1471
2910 6029
2428 6373
3188 3670
4113 3787
5584 6045
3585 3940
6707 3939
7182 3221
3429 6913
5161 4419
6130 3735
5165 4353
2757 6473
2951 5260
4533 5990
4435 7934
5231 5526
3160 1832
5530 5024
4896 2296
5308 3841
8816 5095
3472 3087
5855 2777
5609 1490
4868 4514
4637 2607
5745 4014
7701 3987
6881 4294
6971 8519
4522 2388
4029 6682
1340 4930
3155 7694
2863 2241
6827 3624
4485 3189
6605 3946
4161 3294
6640 3788
4394 7429
4465 7283
5333 7066
5448 5259
5612 4486
5252 6171
6969 3481
5493 6668
2603 4505
6182 3697
7424 5276
4969 7469
3658 4906
120 5130
5233 6645
5804 5630
4536 4992
3789 5930
2710 6037
5922 5402
5536 3265
2366 6458
5019 6126
4959 4709
5266 6501
9749 3627
5688 1519
4851 6754
4566 6662
3770 6279
3414 5151
4370 5770
3641 3741
4725 5082
3437 7181
6216 5889
4913 5981
4911 5950
5516 5740
3242 8339
5019 3434
3229 7382
5032 5534
3516 7919
5610 4055
5760 3710
4917 4200
7175 6690
7702 6174
5151 8104
6227 6227
5836 6329
3642 6303
3646 2096
6663 4906
4733 3354
5723 4758
6027 6818
7524 4395
4842 7101
2612 7651
5561 6386
2759 3591
4208 5889
5569 3723
3581 5253
5248 6748
5008 6792
5628 4457
3805 5270
3858 2611
4897 2509
3307 4053
5591 3547
5897 7545
4268 4648
5744 5905
6424 2407
5055 3578
7758 5978
5731 6022
10160 6932
2081 3535
6296 4213
3722 5189
2350 6562
5908 4312
6459 3544
2347 5122
6008 4901
7408 6162
5613 1074
4736 6103
2114 8130
3221 3596
7394 4411
4390 1861
9030 4010
5495 5738
4363 8156
6384 6071
4074 2973
8402 8734
3185 9583
8691 8223
6799 7341
4537 4549
5070 4953
3081 3420
4390 2846
5058 5696
5549 1661
4452 2642
5821 3609
5904 7066
3407 2509
6153 4046
4440 5490
4600 7089
5213 5961
7002 893
5567 6469
1345 3716
5030 7230
3679 6892
4928 4688
6611 3235
2043 4258
6566 5998
4078 6075
4350 6273
6478 7274
2715 2452
5780 6104
2255 5172
1681 6592
9819 6105
4881 4724
4836 6199
7183 4242
4841 3743
5233 2502
4192 3628
9591 4462
4648 3528
7469 7594
6716 6354
5401 3309
1532 4426
6571 7644
2106 4674
8555 3991
3677 7405
5355 6357
5144 7348
4427 4109
5571 5624
6377 7459
5278 4517
4308 5042
5024 4579
4918 5823
4241 4178
6243 4866
3111 5024
5884 4203
6323 5115
5783 5102
5602 4556
4745 5075
8192 4381
4996 1180
8657 3366
4255 5031
9750 7158
4758 4795
5301 5028
6135 5676
2560 4766
5659 3138
4641 8235
3823 2704
5278 6905
3239 7202
3779 4805
5647 4300
3752 10480
4679 5025
5643 5289
8027 6220
5972 4939
5164 5240
9428 6921
5328 8250
3930 5265
6111 6553
5668 6751
4236 5814
4631 6148
5552 5637
3417 9905
5826 2607
3378 4826
3584 5262
5270 3987
6739 5327
3046 3865
8924 6676
8535 5249
6619 3518
6926 6120
3575 5074
6592 6223
6884 3624
4188 5542
6257 6178
3957 4754
9648 7313
3359 4698
3846 4096
6296 6766
6883 1843
4926 2565
5716 3922
7226 5577
2442 6728
7332 3379
6849 6046
4561 6720
7235 3563
7859 4389
6392 4365
8157 3544
4238 2422
8853 7218
6460 3878
6102 9091
4779 6986
7540 2553
-1249 5515
6628 3535
4330 6873
3795 6363
4053 1744
6098 6165
5829 5719
2882 6618
2917 4703
5600 3253
3165 3656
7365 4505
5649 5982
7846 4446
4293 5365
3752 5447
4908 7927
4335 5189
5103 3353
6240 5910
3683 3051
4847 6790
2805 3679
4212 3026
3773 3364
3005 6298
8213 6136
5646 4959
6405 6224
5438 5873
3356 2907
4308 3368
1913 3746
2563 3557
3549 4006
9700 6012
4208 4452
6269 8830
7039 449
4483 1353
4641 6185
6108 6907
5266 3683
3567 4974
3184 6477
3340 3158
2140 6099
1902 9451
3221 8442
4238 5840
5822 2440
5335 2498
3044 3600
6828 6149
6285 2281
4981 7482
4402 4309
5523 6657
3066 4851
2432 7234
2978 4378
4484 4083
6150 5347
7332 6679
6463 5496
4375 4614
3226 5242
2913 3694
4183 8151
2381 4496
5350 3166
5998 6426
4397 1992
2875 2554
1952 5914
3657 6292
6074 3293
1908 6388
1063 5863
6735 7050
8030 4011
5280 3974
5751 3931
6096 3288
6026 5084
4558 3324
2071 5695
5071 9955
5337 6552
6982 7199
6189 6320
6792 5780
6821 2257
5985 5439
2388 7686
5010 8201
5928 5660
3536 3929
2594 5627
6885 5028
5404 4862
4374 3436
3507 6193
6907 3635
3368 4306
3918 7598
6521 5378
2878 4966
3031 4799
4042 4017
2875 4540
4572 4020
4849 4018
6407 3534
4165 4912
7335 6909
3705 6470
7100 7446
2236 3221
7426 5481
3710 6128
6070 4390
2387 6592
4602 4589
5999 6551
3498 4965
7309 4695
3957 5888
5298 3087
4618 3053
5845 3810
-724 4152
5541 3833
3285 4080
8511 7092
6142 3524
4656 3290
3170 8337
6057 4519
5593 3571
3692 5401
7530 4752
5177 6828
4638 6102
5780 6588
4610 2863
6633 3347
5476 5057
4017 4399
5778 1662
3767 5855
4720 7446
4113 3946
5404 5781
5785 7739
2095 6728
7231 4995
4170 5769
3329 6165
4542 5440
6476 994
8382 1891
4620 6714
3073 4241
4706 5226
5181 5718
3013 5241
3689 4324
6616 5003
4486 3835
4369 3538
4250 8312
4058 762
6478 4855
2007 5172
2935 3546
3432 4516
5173 5081
6172 7031
6210 4810
5112 4377
5058 7107
5470 2397
6545 4140
6481 6477
6189 4928
8254 7014
9772 3503
6196 4867
6965 4608
5081 5119
3431 7564
5001 8566
3547 5478
5249 4015
4744 8321
3168 6981
4156 3629
2955 5586
5026 4283
7669 4493
4726 6179
3954 6167
6341 3551
4380 3441
8152 6386
7685 4177
3137 2672
4096 2473
4165 4995
6053 7422
8720 3302
5281 8825
6143 50
3390 5225
6036 6859
4861 6923
5667 2216
5636 2901
4942 8105
5225 5171
4409 5033
5225 4967
3102 5765
4751 2942
6164 1056
6021 814
7619 6719
2799 5638
6067 3276
8174 1614
2787 8708
6042 5455
5793 5639
3968 5011
3936 2936
2699 5846
6511 5052
4039 773
5123 9660
3933 8792
6329 7906
6016 5736
6092 4227
6378 1822
6794 6209
4449 5580
7566 9275
4544 6057
7068 1647
5383 6160
2765 4234
7520 5751
6838 5044
7513 1681
4400 4757
5875 6313
4674 5025
3415 6190
5708 4945
6841 4097
5421 9374
5559 4077
2479 6865
3188 4717
5016 1531
6533 5275
8034 6667
5306 3925
7582 4746
2876 7129
3313 3857
4611 1863
3581 5437
4180 5314
6716 6524
6475 4609
6479 4169
5276 7361
6230 3137
4015 5210
511 6408
4016 6031
5770 4497
6332 3508
1185 3847
5893 3126
8389 5410
5622 5379
2336 3439
5195 5239
3100 7421
5471 4366
5982 2306
3018 6707
6223 4458
6035 2329
3542 7741
2901 6827
7630 5492
5932 4771
2597 4393
4460 6927
4784 3269
6998 3766
6209 2458
4291 4788
4699 4307
4496 4257
6202 3013
2844 3777
6241 6620
82 136
4445 8272
4729 6372
3903 5065
7704 3600
5351 2596
10162 5894
4762 4704
6586 5799
7272 8154
3779 4005
4749 7565
3715 4429
3845 7122
9439 4588
7334 4856
4348 2874
5373 7886
5012 5649
4942 7894
6330 7142
5556 5657
5081 2596
6067 3526
4221 6132
3679 3141
3992 2949
4481 6564
4363 3552
2318 5011
3681 6376
1440 7056
6571 4596
9544 6823
7554 5762
5186 2266
5149 794
8252 2949
3343 1783
6550 7030
5437 6398
1978 2774
6056 4447
4202 4946
6217 2750
4577 6953
4009 5183
1578 4992
3129 8035
6693 5416
4831 6429
3443 5351
7299 8778
7640 4944
7334 7447
638 1509
6489 6543
2479 4110
4293 1699
3531 9163
4528 4132
4567 3068
5105 2109
6074 3241
1923 5295
5798 2649
4138 3806
4151 3398
5347 3889
5639 4712
6245 6627
3306 4005
5705 6043
3426 4403
1739 6846
8232 5868
4247 3932
4440 3061
4290 5013
3147 4215
5868 6692
6026 8457
7426 6918
3075 5987
4340 5503
4877 5115
1897 7869
5363 6273
7222 4640
4317 1606
7156 6269
3742 3516
6595 7392
6940 5525
677 4537
4184 7096
5522 3297
6156 5803
9688 2636
1655 7675
4630 5664
4715 3824
6944 5499
4210 2060
5665 3322
3299 7540
5480 2016
5135 5096
6314 7899
3815 4305
2162 4483
3012 2494
5561 4906
4261 5513
6501 7300
5202 7193
5354 4883
3885 3504
4148 4078
3491 2472
6717 6341
3188 7078
3727 8850
4838 2060
6065 2575
4295 3119
697 7940
3386 4125
3994 4277
6762 4690
3264 2960
5276 3777
5724 7099
4864 9308
7141 2847
8672 7599
9000 5164
5135 6243
3516 8375
4781 6790
5013 6410
10140 4685
2646 2978
5169 2858
7689 7095
6987 5591
5380 5593
5955 7699
8405 4806
6627 5799
3251 7326
4227 8468
7453 2706
6027 8844
5797 3213
5451 7510
2926 3820
4384 4471
1908 6500
5210 3630
4379 5527
8120 7579
6776 5776
4149 6024
3566 1455
6841 4853
3627 5901
3018 4165
5552 5034
4939 4097
6921 853
6314 3603
3418 5033
4961 4237
5010 5862
7557 5992
2108 3680
60 5490
5861 4298
7580 6839
2828 5791
5878 3591
3450 8650
5097 622
5888 5020
2386 6231
8756 3884
3975 5050
6882 4936
5808 4648
3062 8207
6950 6964
4198 6073
5584 3535
4326 7606
7094 3047
3020 6966
8509 6096
3794 5581
5033 6363
5135 4599
6153 8245
4666 3971
5350 4012
7031 6170
3676 5139
5178 3861
5552 1942
4143 8390
5635 4188
4285 2197
5082 5545
5239 3028
7995 7466
7593 2750
742 5933
3837 5797
5670 4229
2273 4575
