700000 700000
14331
11 400
731 1
660 3
2002 2
4 751
5 178
43 3
157 23
1561 1
3 71
280 57
80 12
29 221
11 66
15 30
19 91
4110 1
62 31
2805 2
247 1
160 3
12482 1
114 5
18 225
19903 1
56173 1
1694 1
1 3833
28 10
213 2
1020 4
11353 1
4 35
457 5
8 38
65 11
1228 2
1 803
364 1
41 34
4 178
7 1081
36 5
2 399
1 1120
577 1
33 41
9 557
13 13
198 11
1 717
2 318
3 11
23 84
5949 1
29 7
4507 1
50 18
124 1383
1 638
2 209
40 4
3 152
6 323
278 2
463 2
710 1
16 29
35 267
1 495
93 1
3 297
22 7
3 2013
20 544
5384 1
12 41
1 280
231323 1
2 1011
3 438
244 2
1 137
2361 3
3 455
25 3
42 1123
210 1
915 1
3 5260
2 1481
1 58
2 789
401 4
686 1
7 4
1 20805
11 65
361 4
1463 1
3 3867
54 33
1 1963
280 30
44 15
7 149
105 15
158 3
4 2929
256 7
1712 2
21 265
318 325
10 26
2188 1
195 26
380 6
556 1
2 4565
963 1
4465 1
124 3
161 15
53 9
2236 1
275 3
2452 9
5 150
9 211
707 4
29 48
615 31
173 8
19 6
1 2613
5 39
6 256
9 60
180 51
18 178
56 1
1 1408
19 165
5 72
479 1
109 4
19 228
1 1329
4 112
1309 1
8 115
136 8
445 2
4740 3
2 1071
14 41
18 84
75 13
4 7
23 293
5 362
10 109
32 216
2 6356
1 783
2 480
1 1235
4 150
226 2
155 2
18611 1
1426 1
4928 1
2 1751
1 696
37 42
809 1
20314 1
4 293
23 11
3 1674
6183 173
3 3730
13 49
1 11251
1 553
2 258
3 103
60 12
50 54
1 602
32 77
2 181
3 244
2 2497
942 1
140 11
325 1
1 459
2 36
130 17
3 261
4 1770
1 5772
69 12
16 136
254 8
1 356
1658 2
1 83346
476 2
1 2568
723 3
45 19
10623 1
106 3
35 5
40 786
1 149
257 3
96 21
149 21
442 1
1 917
334 19
82 24
11 28
187 15
1 6
310 8
21 75
1 2346
78 20
25 136
7 104
2 78161
671 1
125 7
3779 12
21 64
54 13
239 3
152 5
6 160
11 83
1757 1
11 250
893 2
1 7708
91 8
1747 23
20 4
6 51
134 4
10 62
1 1180
1418 2
340 2
28 150
171 1
5 31419
2 356
1 4209
603 2
1110 1
6233 1
5 2526
39 14
5 138
1257 1
2 2633
100 8
137 2
29 20
569 7
807 5
8882 1
5 27
36 11
9 88
66 27
95 61
288 1
180 23
6 202
56 29
2 505
1 1516
1517 1
42 16
649 8
119 2
156 8
32 6
341 4
18 41
222 68
517 1
3 218
4 84
2 495
115 10
14 5
1 1018
2197 1
1603 1
421 13
122 4
1 1037
3 142
1 875
37 125
165 8
1 1087
1569 2
4 138
24 48
279 16
2595 3
890 1
526 19
7060 1
17 1
1 644
2 375
3 50
2 3715
23 47
64 36
13 85
70 14
17 146
1 565
1032 3
2 230
3 67
1 2206
231 25
838 3
8941 17
6443 1
1 422
1 8297
2 153
202 16
3 208
150 1
26 19
12 98
1 1115
16 101
1 471
2 8
1236 1
6 576
79 10
376 67
619 1
548 3
35 80
1 320
560 28
25 74
350 2
20 36
31 36
35 33
1 241
21 254
3 543
44 177
7 63
2996 8
1 98
1 9941
5022 1
665 11
78 112
903 1
7 76
48 3
2257 1
1 4992
1 2063
101 2
30 6
1 1804
20 24
9970 1
6 31
81495 2
285 76
12 644
252 1
2 3505
1 1428
181 11
57 21
403 1
167 104
43 38
6 430
835 2
1921 3
33 12
110 18
147 4
6 1557
5 238
1 11685
1 4819
1 445
86 11
15 5
1 1631
4 810
18 414
298 11
616 2
9 116
247 60
2 1083
2611 2
2 9828
237 6
2842 8
166 2
465 5
5 384
17957 1
598 1
527 15
349 6
18 13
240 133
1 1401
1 11052
95 9
132 5
1 3597
8 11
28 86
71 16
3 3952
900 2
4 223
8 154
3515 1
51 28
108 27
1 887
2 424
1135 9
1 1051
1 10536
98 1
27 7
1 3987
505 1
88 23
1 736
329 7
2 347
3 46
1 3081
23 51
249 4
221 17
13 121
1 529
2 202
2608 1
3 191
1 3273
46 3
1 386
2 125
3 204
150 45
2 64
12 6
1 307
1 2759
234 5
163 3
1 172
2 927
1 3143
4 9358
865 3
31 24
1 221
21 18
1 2529
7 35
11 36
1540 1
1 78
58 9
367 1
3 648
6 217
93 87
7 176
2 5804
543 2
669 41
105 18
34 14
24 8
333 2
1 573
10 103
2 2338
34 97
358 64
20 60
2 3523
1 2108
6 507
113 70
484 1
1025 33
59 14
114 2
5 177
43 2
1314 1
170 7
33 40
90 43
697 1
94 595
47 602
426 41
9 7
7845 5
1543 1
4 782
4 1133
5 83
8 457
3274 216
1 4094
469 6
52 18
1 1492
1 10009
830 1
8 88
62 239
1 1484
28 11
213 1
6762 6
142 7
531 2
2 1642
1 1349
4 44
2150 24
8 39
65 10
3 405
179 62
1 802
1 1270
41 33
943 64
145 3
2 396
330 1
1 1127
4 322
2 337
1166 104
4 64
13 12
1 3787
17 201
1 716
2 319
99 4
3 10
481 4
14707 2
2 6518
50 19
1392 26
127 3
2 174
40 5
3 155
4 124
278 3
46 31
7 1903
16 30
1 494
2 65
22 4
207 8
83 22
3439 9
12 42
69 23
1 287
3 441
7 353
1 28781
466 5
12 185
31 111
70535 4
1 136
21 197
3 454
25 2
7 502
1610 2
71 4
7 3918
1 57
21 54
3 599
7 7
176 1
1 1962
2 645
846 2
3 740
44 8
7 148
1040 1
1278 1
3 3857
5548 1
34 18
3637 2
8289 1
6 84
10 27
847 198
87 27
9 6486
1 1908
556 2
7 99
179 13
53 8
4 2960
238 12
275 2
48 16
1 1363
7 971
29 15
18 288
19 9
833 37
5 38
2 2581
9 35
11 116
6079 15
15 125
56 2
1158 13
1 1415
7574 1
2687 1
957 6
109 3
1 1934
38 1
468 8
4 113
3 1374
136 9
445 1
28 111
4642 1
14 46
1 1185
8 195
65 22
1460 3
98 96
32 217
60 143
401498 22
1 782
843 3
1 18340
19 453
1 1234
41 29
4 151
1275 4
27 94
47 19
7 621
17 36
1 703
2 400
330 37
1 1091
701 18
23 10
1 4208
377 6
13 48
17 181
1 552
2 2918
2 259
40 82
3 102
60 13
23 123
245 7
46 200
2281 1
359 3
236 3
611 4
1 601
2 178
3 247
1013 2
1 3121
2 1220
35 294
5973 1
1 458
1 436
2 37
3 260
22 32
1 379
476 3
59 45
723 2
45 18
5496 1
35 4
1 148
257 2
14 17986
2 6002
11 31
392 26
1121 4
1 5
2 758
1528 2
12522 1
408 1
7 107
1040 6
11 108
118712 2
1 40674
2 34141
54 2
1 1974
239 2
7 248
36 70
30 43
91 11
1 12836
20 5
1 17501
2166 1
24 64
6 48
134 5
10 63
67 34
1 1872
4 529
242 4
9 381
18033 3
487 2
603 5
1689 2
3 263
271 37
1 1729
39 9
53535 6
1 63067
137 1
23 129
15 32
2 1921
19 37
5 26
204 30
9 95
288 2
15 81
3520 1
551 3
15785 1
42 17
958 3
1205 2
32 7
341 3
29 63
8 737
270 1
18 38
1 1308
4 85
35004 1
8 16
1 105173
14 10
5 3261
8724 22
1 1165
739 1
668 3
1 3978
122 5
51 3
1 874
273 13
2419 1
458 3
1569 1
4 139
387 5
1 250805
27 58
9 539
47 55
13 195
14 292
1 667
1013 1
2 372
3 53
131 8
73 171
10 859
1 4188
4565 1
13 84
18 32
363 19
1 564
255 1
2 231
168 3
26 22
60 17
174 25
514 330
1 421
1 73261
2 150
221 2
150 6
26 16
12 99
201 1
582 3
73 27
1 470
2 9
996 1
79 21
372 1
31 150
126 16
1 327
55 12
2 952
187 124
116 14
244 123
45 118
6 618
267 4
1 476
1 7980
6 2793
35 32
1 240
2041 6
3473 1
1 1610
7 62
135 5
48 181
1 5513
68 56
1 97
3818 2
21 110
6 242
44 65
7 79
48 4
357 6
233 8
382 14
15 576
2 1313
718 1
24 45
6 141
10 64
190 6
30 7
104 4
34 90
508 5
2 1232
1 1795
20 25
6 28
9 264
1047 1
1 3953
1045 9
181 10
5 2464
366 14
78 386
7137 1
63 42
2118 19
33 3
218 1
2 2034
147 7
39 45
80 34
52 129
8 1050
764 20
801 6
86 8
15 4
2 89379
5590 1
281 10
9 123
34 542
2 1812
19 174
166 3
29 683
28 32
527 14
70 687
18 10
4 73
132 6
1 3596
8 12
3655 8
85 34
1 965
971 1
1 1257
6 126849
51 31
37 16
937 2
27 6
5 2605
13 231
1 743
2 344
3 17
746 1
64 1
249 11
487 1
400 3
2 203
3 190
3 2629
117 4
2 5366
89 5
16 51
587 2
1 385
329 12
2 122
3 207
97 56
1 3193
25 68
12 7
10064 2
92 22
1 306
1468 2
3 348
129 4
1 111446
11 889
19236 1
12 150
234 2
163 2
1 163
1242 1
1434 1
4 1842
817 1
10455 2
31 27
1 220
129 7
2 783
21 17
1 2528
20618 2
6 847
7 34
10 258
11 39
68 28
9 3201
1 77
8 2763
3 651
280 4
614 3
7 179
10 149
3590 2
34 15
5316 2
950 1
240 6
111 15
2 593
3417 138
333 1
6 105
30 978
8 7853
10 100
8 1172
7603 26
77 60
1163 1
1 980
7 849
182 3
1 1688
81 15
114 3
5 176
43 5
265 3
2 701
450 1
1707 3
246 11
143 38
4 888
3 1095
9 6
1280 1
15 24
679 1
1 1466
4181 1
5 82
27 41
160 5
10 144
1765 1
34312158 1
28 4
142 4
38 117
6 1187
8 40
796 1
65 9
179 1
1 801
364 3
94 172
4 188
5 2167
1265 1
145 2
2 397
26 107
1 10793
259 6
61 174
155 169
13 11
1 707
74 11
2 316
19 646
3 13
296 1
4 466
26 182
3457 4
10 1103
50 16
127 2
6 108
2 175
40 6
3 154
1 5534
525 1
1 1100
16 31
1 493
2 94
22 5
326 2
12 43
69 22
1 286
2 332
1 10389
6 521
395 2
713 3
642 1
1 143
3 457
25 1
15 141
23 38
324 11
2 59132
2 1479
1 56
1 2508
7 6
147 9
176 2
39 236
54 39
1 1961
475 30
1623 1037
44 9
10 137
158 1
34 19
2526 3
2 565
6 85
14197 3
10 24
1466 7
309 12
627 1
1 1902
2924 1
161 13
275 5
593 2
292 5
5 148
29 14
214 10
3 74
19 8
1 1557
5 37
9 34
858 9
911 1
56 3
7336 8
3341 8
1 18077
2424 1
1590 1
1 987
30 539
14 188
53221 4
3 145
109 2
146 12
38 6
4 114
260 4
43 668
104 19
32 107
1 924
18 82
75 15
4 1
1 1776
4530 1
65 21
411 1
175 88
39 50
6 1296
1 781
4 144
155 4
47 18
2 15714
88 33
17 27
1 702
2 401
23 5
377 5
13 47
31 2550
1 559
2 256
3 105
4 438
121 8
174 2
3 367
1 600
2 179
3 246
26 24
23 235
26 61
46 56
12 120
140 5
1 457
510 5
2 34
1 2717
22 33
1843 1
686 8
466 87
5 206
69 10
1 378
5 1298
207 6
153 39
7 324
106 1
72 177
126 68
1 235
257 1
1 2495
4078 2
11 30
3 2740
503 1
163 171
1 4
1359 1
1 2344
78 26
408 2
7 106
9 89
48 25
11 111
30 153
125 5
54 3
1325 2
152 7
523 8
390 1
5 116
34 55
3869 1
3005 2
20 6
2 537
24 65
6 49
10 60
319 10
149 4
1 1879
180 1
242 5
3 993
41720 5
171 3
60 21
211005 1
2539 1
12807 16
3835 5
825 2
33 18
39 8
5 136
100 10
29 18
15 35
19 36
1 1649
76 19
659 11
5 25
8 307
9 94
375 1
288 3
622 2
473 9
551 2
2 944
32 24
341 2
2 6548
4 86
132 35
14 102
8 17
2885 1
85 13
14 11
9580 1
492 1
4 229
23 7272
122 2
782 12
51 2
1322 1
2 450
1 2630
226 36
3937 2
17 7
1 666
3 52
19 242
4 283
3681 5
1 1283
84 41
170 4
13 83
1 523
2 228
168 4
477 6
4 426
406 2
653 3
2 4671
139 12
2 2194
92 15
1 420
2 151
221 1
3 210
150 7
26 17
690 8
12 28
1 469
2 6
95 2
1 949
35 82
571 1
1 326
55 15
2 953
224 9
1 10461
11053 1
153 3
338 1
391 9
59 421
3 2892
35 35
1 247
3 513
7 57
135 4
1 41555
68 57
567 1
2 1423
5093 1
736 3
3712 2
51 232
7 78
226 8
48 5
749 1
34 232
162 21
215 11
4 245
8 915
6 130
7 223
10 65
30 4
250 2
1 2572
128 28
1548 2
77 23
205 34
6 29
11 1669
7 876
67 1
252 3
8 4265
2 1088
474 5
366 15
403 3
1 18701
7215 5
29 69
33 2
12 22092
3450 1
354 11
5 236
9 233
172 6
86 9
15 7
18 361
184 1
1 1629
1 9216
5 125
298 9
9 122
52 56
1030 1
112 4
264 8
28 33
2 616
604 1
17 304
1 939
18 11
2 1668
19 286
4 74
15478 2
8 13
145 44
65 44
564 2
17 449
75366 3
12 264
4 217
118 43
1 4253
283 2
601 3
1703 8
13 149
530 1
29 2374
2 422
937 1
79 692
27 25
1147 3
1 742
1310 1
3 16
64 2
13 119
1 535
8 3105
2 200
3 161
1187 2
117 3
2 1231
46 1
13 456
16 52
453 1
1 384
2 123
34 36
3 206
42 1384
26 117
9895 1
160646 1
1 305
1786 2
2812 1
49 13
234 3
163 5
1 162
385 3
25 36
4549 9
102 10
3 43
1 211
129 6
21 328
21 16
314 10
78 35
7 29
2 12644
11 38
799 1
1 76
3 650
69 331
280 5
7 178
48 33
1 16346
1021 2
34 12
2 1282
1610 1
148 4
24 10
6 110
10 101
3 418
30 96
916 1
862 8
299 1
11 405
731 2
5 1235
57 55
167 14
5 191
43 4
265 2
1 542
33 46
935 5
1 59753
80 15
9 5
194 27
416 1
15 27
19 92
1 1465
5 81
62 2
1 625
42009 1
716 11
38 27
645 1
22 1472
28 5
3 318
142 5
349 1
30022 1
5 2631
4 46
684 2
8 41
65 8
1874 1
15 1682
3411 1
1 1268
41 39
4 189
1 1730
8 184
6 494
145 1
37 51
98 35
151 47
1 4202
13 10
434 33
1247 1
1 706
74 8
3 12
296 2
4 467
1431 3
3528 1
50 17
1 627
2 172
40 7
278 1
1496 10
46 29
5 213
12 85
36 93
16 16
1 492
2 95
130 8
3 298
22 26
83 24
1 4650
60307 4
747 1
69 21
1 285
1947 2
15 33
59 3
1577 1
12 187
6119 1
713 2
1 142
96 12
23 533
82 51
2393 2
33 65
695 7
361 27
1 63
864 1
2 784
7 1
176 3
382 1
732 8
1112 1
2 643
4078 3
44 10
7 150
77007 1
229 2
34 16
2 1254
20 99
2 562
5 1480
2773 1
6 74
10 25
319 17
2859 1
380 1
417 9
185 21
2 2801
963 2
53 22
1 2599
275 4
593 1
5 147
3 9704
29 13
3 1223
143 5
19 11
20 304
5 36
4792 8
6 263
9 33
66 50
3720 1
18 177
56 4
365 6
2 621
294 2
466 1
479 2
99030 1
8 14245
2 2293
5 4990
109 1
146 13
38 7
4 115
160 22
260 5
8 118
13 2063
213 35
14 44
18 83
554 33
4 2
2 5678
3236 1
482 4
65 20
175 91
32 219
216 104
951 10
1 780
112 9
388 1
1 1232
41 3
4 145
61 64
2533 19
155 7
10 393
17 26
1 701
33356 2
1 1089
4 288
23 4
5 521
597 1007
377 4
2 21371
13 46
624 3
1 558
2 257
8 74
3 104
39022 1
64 74
1 1309
174 3
1 89377
1 607
2 176
1752 481
3 249
26 58
46 57
1067 5
6 5855
140 6
16 124
1 456
2 35
3 262
12 32122
203 2
742 8
568 2
13 353
1155 2
21 23
1 377
1658 1
3 407
1809 1
45 16
945 2
1 8778
5 280
35 6
1 234
25 28
135 35
11 17
19263 4136
72 1
1 27
6 1569
2 756
495 1
78 27
71 44
7 101
48 26
125 4
162 14
3 706
152 8
461 2
7 250
10 170
30 41
34 52
20 7
2 534
13405 2
1 2249
6 54
10 61
674 4
53 17
242 2
1 2170
171 2
1513 3
1 66785
33 101
53 106
39 11
5 247
208 13
1 816
9 204
1 2819
29 17
15 34
19 39
76 12
5 24
8 308
9 93
288 4
622 3
56 32
1211 2
773 3
958 1
11 1060
156 11
341 1
19590 1
3573 2
2 452
1 1298
4 87
44 4
5 314
8 18
1171 1
14 8
492 2
1603 2
1 1155
11 81604
11 1282
122 3
51 5
1393 2
1 872
273 3
2 451
37 24
646 3
216 11
141 12
17 6
1 665
2 370
19 592
3 55
131 10
4 260
1 2184
4 22925
856 3
13 82
70 13
2 229
3 68
60 19
406 3
64 86
653 2
107 8
36 4
2 26155
2 148
3 213
150 4
26 30
12 29
16 88
804 1
1 468
6 72
2 7
187 1
2 581
13 2808
12 2432
36116 2
1890 1
1 325
2 950
955 4
28 15
116 8
153 2
805 3
3570 1
17 178
823 5
1 246
7 56
135 7
11 61
304 1
12569 1
1 103
4236 1
21 108
974 2
6 240
172 8
48 6
533 1
2 2834
2 587
7196 2
10 78
30 5
2 8066
20 27
77 22
1 2261
6 18
3 241
2 4585
38 423
255 6
181 8
474 2
835 7
266 310
33 1
168 2
3 7281
39 47
80 36
1736 1
168391 24
4 1727966
15 6
184 2
1 1628
9 121
2815 1
1096 32
52 57
36 7558
56 60
57855 51
166 1
1384 10
3645 1
32 37
3867 11
10442 1
3 2096
18 8
19 289
4 75
457 1
5 286
8 14
369 8
635 1
2500 6
2 5729
228 1
71 13
1 8590
8 157
76853 1
47 100
106185 5
13 148
1 884
1 2366
644 10
1 1048
6 362
4 361
27 24
505 6
1616 2
1198 2
752 1
1 741
2 342
3 19
64 3
2 2469
515 3
13 118
549 4
1 534
2 201
3 160
23 189
117 2
46 6
16 53
1 391
2 120
22 127
3858 5
80 8
12 1
7679 2
16 68
12 14522
1 304
419 1
851 2
13 311
1098 1
12 144
17831 8
1 161
385 2
2238 12
2531 2
8168 2
2778 1
263 33
102 11
31 5
12 63
2 1505
1 210
438 9
21 31
1 2534
4 85906
7 28
233 89
182 2
58 20
78 83
4 1106
23 726
308 8
2943 6
1 3857
34 13
128 74
111 9
148 5
24 11
6 111
10 98
2445 1
916 2
4 580
1 2097
1 4882
546 3
4944 58
6485 1
114 1
167 9
43 7
265 1
33 45
1 1551
13842 1
9 4
1367 1
4613 1
416 2
15 26
2624 1
19 95
1 1464
295 6
5 80
62 3
1 12304
628291 1
469 3
52 29
398 1
3877 1
8 91
3013 2
28 6
1 390377
32 65
116 13
142 10
2 17907
18 108
7361 938
4 47
867 1
8 42
65 15
8 2514
250 5
179 3
1 807
719 1
9445 2
4 190
478 13
8 185
1 4344
28 292
4 10591
106 1520
37 50
259 8
585 2
25 4581
984 1
13 9
306 21
1 705
74 9
383 1
3 15
296 3
4 476
2 14226
1830 1
50 14
13 410
1 626
2 173
40 8
1 2822
154 16
46 34
14 73
16 17
1 483
1 5995
8 18487
3 536
22 27
794 32
207 21
83 27
12 37
1 284
3044 2
59 2
120 20
4 38564
713 1
1 141
96 13
574 1
25 7
7 499
15275 1
1050 2
1 62
1091 6
25 176
10 292
11 69
14 23
414 2
5 792
1 1967
475 16
6 184
44 11
7 145
229 1
11 210
158 7
34 17
736 1
2526 1
20 108
3 886
6 75
9 501
10 6
1 5265
87 20
380 2
4 568
1 2077
9 326
1025 2
161 3
1 3500
346 1
182 4
5 146
9 215
707 8
37 27
29 12
2 694
90 10
143 4
19 10
19 175
683 19
575 1
8 281
426 8
9 32
636 17
3 4278
56 5
2 8596
42 56
1 3752
541 2
1 4489
38 4
1128 56
260 6
99 54
136 12
763 15
692 1
14 45
7432 1
75 1
4601 1
4 3
8 198
9 659
2372 1
411 3
51 40
1 771
1 41462
112 10
108 2
41 2
4 146
71 7
279 8
27 83
155 6
11 195
47 28
711 5
17 25
1 700
2 367
2 435
94 25
4 289
23 7
192 1
1 13880
7 221
2 553
10 67
2 286
2736 2
60 8
6 1483
1038 1
1 691
5564 1
107 47
1 606
2 177
3 248
2718 1
26 59
16 294
2101 1
140 7
1 1095
1 463
2 32
3 265
22 39
25188 2
1 6228
362 2
1 376
60186 1
1 35340
45 15
230 21
106 15
35 9
1 233
2 834
3 551
2 2158
82 20
1168 39
11 16
2685 7
432 43
72 2
1 26
2 2049
7 100
81 5977
840 7
125 3
290 56
54 1
3 709
152 9
461 1
3 913
2 5779
1 556
30 46
1140 1
3 115
8 2324
2 535
24 67
1291 1
6 55
9 273
10 58
1 3056
1 1877
2971 1
242 3
3 995
2132 3
322064 4
464 9
104 32
67 180
1 1734
39 10
292 2
80 57
24 37
137 6
29 16
1408 1
15 45
19 38
1 1655
76 13
5 7
62 72
9 92
539 3
2064 1
375 3
15 82
5 424
156 4
334 13150
270 4
18 37
38 32
4 80
8 19
606 4
14 9
307 1
554 2
1 1154
739 2
1939 7
19216 3
51 4
17 116
4 17086
273 2
2 448
27 63
1 4128
1 432
13 192
17 5
1 664
2 371
1288 2
3 54
131 13
424 1
100 7
70 2
3 222
2 226
168 6
1526 1
3 1915
64 87
32 36
653 1
107 11
1 442
2 149
3 212
22 80
93 5
1739 1
12 30
16 89
1 299
2 4
3 357
37 2281
619 5
56 165
841 3
1 324
55 9
565 38
224 11
153 1
7 426
31 32
96048 1
1 245
7 59
135 6
11 60
304 2
68 59
567 3
1 102
2 729
2 3045
7 72
48 7
357 3
286 1
1 34711
2 584
3 801
6 128
7 217
10 79
11 282
30 10
8 301
8 2352
73952 2
6 19
9 269
67 3
1585 1
721 2
1 2117
43 26
42 152
157 14
84893 2
10757 2
110 22
1 1570
4 647
9 239
15 1
184 3
59 33
5 123
616 6
1101 1
114 65
237 2
1 25936
55 3
5 396
64 1388
32 38
14 122
18 9
2 1666
1 2662
4 52
132 1
8 15
1 986
4 219
61 22
8 158
118 41
2 870
264 6
2 420
2456 20
2 6711
151 5
27 27
212 21
175 131
36 343
1 740
74 18
2 343
3 18
23 79
64 4
157 1017
302 2
524 39
3055 26
1 533
734 1
2 198
3 163
60 48
117 1
46 7
268 5
92 4
1 390
2 121
1 2730
4131 4
18 10092
12 2
16 69
490 4
1 311
3175 1
3 321
9 4528
49 3
12 145
234 1
1 160
385 1
59 86
25 42
1186 542
102 8
49 156
31 4
10677 1
2 1145781
21 43
1 209
1 9860
438 14
21 30
1 2533
632 3
7 31
11 88
1 7870
54 94
1 66
58 21
1 1105
30 2439
11 169
34 10
219 10
111 8
2 556
24 12
2 2936
10 99
243 90
30 102
411141 62
3 1473
309 53
4 581
299 3
11 407
8 1009
5335 1
1 1693
60 876
167 8
5 189
43 6
2 2714
12 859
3036 15
1 19108
80 1
2 2573
9 11
7 66
1 856
537 5
19 94
38 142
5 95
1333 1
146 39
5 2612
468 12
15 4722
8 92
530 3
28 7
1935 1
1262 8
14 86
3 2095
3692 1
1 1369
4 40
8 43
1043 5
179 2
30629 1
3 2236
56 311
37 17
158 31
4 191
833 1
5622 2
17 60
2 392
1 15591
13 8
1 704
74 54
2 315
37 60
3 14
3359 1
630 3
209 2
50 15
2662 15
3089137 1
2 170
40 9
3 159
26 36
1 653
16 18
1 482
2 93
1179 1
3 300
22 24
1 1529
83 26
12 38
69 19
2 30839
35 159
1 275
59 5
1 5844
1 140
2 895
25 6
997 47
4 619
695 1
2037 6
1 61
21 50
24 330
7 3
176 5
106 458
661 2
1160 10
3 744
145 11
36846 1
9927 5
7 144
10 180
2 1252
2 560
812 1
81 9
2702 5
1 634
10 7
195 1
664 2
2 1175
40117 1
1898 1
1462 12
63 30
1025 1
124 24
161 2
1 3639
1 42156
114 34
5 145
2 2686
1 4846
29 11
90 11
1176 2
237 168
19 13
312 1
5 34
12 855
9 39
11 43
572 2
17 732
1 2853
56 6
1 1435
5 435
541 1
65 200
29 301
1 7004
2909 3
38 5
117 5
4 125
260 7
1324 2
14 50
3924 1
1 913
2 246496
4 12
2786 1
482 2
460 1
411 2
1 431
51 43
658 1
53 633
2 509
41 1
4 147
10 976
118 17
47 31
1744 1
17 24
3 233
36 1093
2 364
147 8
1143 1
60 525
97 6
23 6
192 2
13 44
70 39
2489 4
862 3
40 86
3 106
60 9
174 1
50 51
2542 3
1 605
2 142
1 2913
1260 1
1189 11
1 462
3322 5
2 33
3 264
22 36
2091 1
56569 1
17 1328
16 141
1 383
609 2
3 409
210 94
45 14
230 10
106 12
35 8
1 232
21 229
3 550
760 1
10 374
48 141
11 19
34 336
72 3
2 1446
1 25
129 76
3 695
78 25
25 147
44 89
48 28
1 3866
12 447
125 2
162 12
54 6
2 613
276 4
4827 3
6 165
190 2
1 47926
34 50
20 1
2 532
24 68
6 52
427 1
1538 3
674 2
859 2
13 571
1106 1
43 49
171 4
464 10
7 922
393 2
1 7092
161 46
622 1
18 497
39 5
137 5
15 44
17373 7
1125 5
4 819
5 6
9 67
375 2
412 8
52 39
1115 1
56 34
59 63
8 389
156 5
116 4
270 5
18 34
3 27959
38 33
4 81
1 26737
8 20
9 829
28 79
85 10
14 14
1 1021
2 1582
19 372
1 1153
35 19
4 137612
27 129
109 8
122 1
51 7
951 1
3 2292
273 1
1 1074
226 35
819 10
141 10
17 4
1 671
2 368
3 57
424 2
192 110
909 5
70 3
1 520
1 6803
2 227
40 50
3 70
406 1
5 6365
36 6
2 146
3 215
26 28
46 91
12 31
875 1
69 90
1 298
1051 2
6202 2
2148 1
187 3
1246 4
2 6760
1 347
55 8
3 635
25 77
45 114
3385 1
31 35
72 208
3817 6
56 347
1 244
25 254
7 58
135 1
11 63
638 2
2 1418
1 25010
1 101
1838 1
2 726
7 75
288 7
357 2
286 6
5 1833
8 222
24 49
6 129
134 74
10 76
21 321
30 11
508 1
128 31
1 1799
20 37
6635 178
11 49
6 16
906 2
67 2
1338 1
1 1324
57 24
721 1
9 157
157 13
33 7
1 1569
114 106
1 4085
17383 1
280 3
37 93
4 791
21 927
5 122
1 4679
127 18
123 9
34 213
237 1
113 51
1 3735
8 417
28 60
10 32581
89 58
18 6
2 1667
203 14
4 53
132 2
8 48
3 2115
32334 5
26 2272
8 1963
169 3
61 21
354 1
28 194
17 87
1 842
5 730
37 28
9796 1
1 10945
4 363
151 4
583 1
5109 1
101 27
2 340
3 21
2 3782
64 5
1 21546
549 2
1 532
2 199
3 162
2588 2
46 4
1 1096
16 55
215 7
1 389
2 118
700 1
1 2729
4202 1
2 2434
83 1
12 3
44 766
490 5
1 310
81 12
2 1001
311 17
59 248
187 47
49 2
31 118
287 24
163 6
1 167
3 465
102 9
78931 1
31 7
200 1
1 208
21 29
7 30
870 2
11 91
799 2
1117 3
1046 1
1 65
3 655
280 8
7 175
34 11
3 3176
111 11
2 557
383 61
24 13
2146 6
20 57
3124 3
1 2103
1 853
617 3
546 1
74 78
953 1
1 3213
167 11
4 1281
9 185
2226 1
265 7
29 38
157 17
20885 26
1799 1
6398 2
5 205
9 10
66 45
232 31
613 1
5 94
62 1
82 835
9065 1
52 31
1 6081
223 22
8 93
1 46983
1142 2
14 87
142 8
5 2628
3 1857
4 41
8147 6
8 44
6259 7
1 977
2979 1
250 3
6481 1
7 2642
179 5
1 805
682 16
2 60665
4 184
118 10
1 441
3 13295
4502 2
145 6
2 393
330 10
41 181
815 1
1 6451
1 711
862 36
3 113
23 82
2495 1
1038 43
50 12
103 3
6 4235
1 624
164 4
2 171
40 10
3 158
5 781
4 1645
103 17
16 19
932 1
94 1464
2 90
130 7
22 25
315 1
1 3161
562 2
12 39
2018 1
1 274
59 4
9227 1
281 2
45 41
1 131
2 892
25 5
263 7
432 1
1 60
864 4
2 751
24 331
78 2
321 23
2 5
7 2
11 71
9 12148
15 25
23668 1
44 5
7 147
91 34
111 47
2 561
6 73
9 507
9 16961
30 67
1 1871
1 2067
778 1
63 25
27 1812
391 534
161 1
2 1031
275 9
4 713
5 144
29 10
9788 3
1263 1
90 8
19 12
8 2087
5 33
8 283
797 5
11 3728
33 184
56 7
75 293
294 1
42 38
1 3758
3 189
38 58
1380 1
4 126
763 1
1958 1
2034 2
14 51
1 912
787 241
75 3
1 1188
4 13
2187 1
47 169
729 2
13 841
51 42
2 506
68 4956
97100 1
51 91
17 31
1 690
2 365
99 25
1 1094
23 1
192 3
501 7
84 17
64545 1
13 43
1 547
5228 1
2 284
3 109
60 10
245 2
92 51
606 5
2 143
3 250
97 11
2 2523
46 60
140 1
689 12
1 461
2 62
3 267
3 1000
372 42
1041 3
1 382
609 1
37663 1
6732 53
723 9
45 13
1279 4
159 5
35 11
1 239
82 18
11 18
1245 5
72 4
1 24
310 2
6 2535
1 2348
78 30
25 146
742 1
48 29
11 99
749 5
125 1
54 7
2 610
276 5
6 154
62014 1
188 4420
91 14
20 2
1 1611
3 852
6 53
10 56
1065 4
2 1144
57 3
242 1
1 2175
393 1
32163 1
825 6
39 4
137 4
1221 1
29 238
15 47
271 81
16 182265
76 15
5 5
9 66
10 1347
66 21
1816 47
52 32
1 7318
1 1510
1964 1
156 6
32 28
469 57
270 10
588 1
397 1
4 82
4 152
8 21
85 9
22 4594
14 15
6 12376
1 1152
5 9303
4 225
94 50
5 328
573 15580
1646 2
51 6
2 478
829 11
23 436
226 32
27 49
2 4889
88 1
1 670
511 1
3 56
4 263
23 37
1076 1
50 69
2 546
1 527
441 2
3 73
1 51273
24 22
36 7
81 27
2 147
66840 3
3 214
26 29
335 21
28 675
12 24
1 297
2 2
3 359
187 2
1 6461
7 279
12 239
841 1
1 346
55 11
37 524
1 2818
116 11
153 7
34 258
1 203
2 804
7 53
11 62
11 343
1 100
789 3
974 1
27091 3
7 74
40 118
357 1
125 37
6 134
25192 1
7 219
101 12
1187 1
30 8
508 2
437 10
111 103
190 56
1227 4
6 17
9 343
67 5
289 3
73 948
57 31
3953 1
9 156
228 16
104 30
33 6
589 9
1 1568
5 232
703 1
100 42
7 526
11 3659
86 13
2984 1
15 3
184 5
1 1617
3 320
5 121
9 126
1 637
123 8
52 4
166 4
351 8
9 975
820 1
1 943
18 7
203 1
4 54
132 3
1474 2
8 49
1 541
1 5193
17 453
2 1587
169 2
8 128
283 6
13 145
839 5
2 418
520 59
4 340
27 29
320 1
1 762
74 16
2 341
990 2
3 20
1 3080
188 8
64 6
549 1
1 619
2 196
2917 3
1 11392
46 5
13 452
16 40
1 388
2 119
700 2
3 306
12 60
784 45
16 71
2380 2
419 2
1251869 2
666 1
36093 1
173 15
49 1
12 147
24 2378
35 114
163 9
1 166
588804 3
6 60
45 207
45 85
1 4617
31 6
200 2
1 215
992 46
21 28
1 2555
7 25
45 230
11 90
1117 2
253 3
182 1
184 4
58 19
3 654
62 64
44 34
3 5073
2797 2
30 15
7 2394
34 8
1268 1
111 10
24 14
6 98
10 97
195 39
87 13
34 123
1 1890
20 58
1605 31
1 2102
30 35
9 127
18 423
399 38
59 1
18 80
5 187
8 141
29 37
5 69
512 1
1 8995
935 1
5 204
133 7
9 9
66 42
194 23
86 41
33 147
184 33
1 1469
35 69
5 93
62 6
284 4
405 16
52 24
327 102
1 1326
395 3
8 94
136 19
348 4
28 1
193 3946
14 84
435 1
1 2681
10304 1
4 42
8 45
2 5055
179 4
1 804
74 338
3 3922
611 9
4 185
3 10205
118 11
47 5
145 5
2 390
2662 8
1 3341
13 6
17 195
1 710
2 313
99 7
5 1270
630 1
61 282
3 7173
781 1
50 13
1 631
164 5
2 168
40 11
3 129
225 17
279 3
12 81
16 20
92 1
1 480
510 18
2 91
6793 1
12 32
1 273
183 9
3 447
10620 3
35 110
1 130
2 673
21 207
25 4
1296 3
102 42
1 51
2 748
21 48
10613 1
78 3
11 45
45 202
11 70
414 1
1 1964
6435 13
58 55
44 6
10 178
266 24
30 49
1500 1
65 4
21 81
13 71
7 166
883 1
71 15
32397 1
10 5
195 3
87 17
1 3678
1713 1
5311 1
63 24
13 1055
53 18
275 8
593 5
3 1049
1571 12
29 9
90 9
143 1
19 15
312 3
5 32
9 37
2031 15
15 123
56 8
19 124
4 1000
1091 32
1 787
6570019 28
18 60
146 9
19 237
4 127
260 1
8 122
28 101
14 48
10 136
199 12
75 2
108 16
4 14
262 2
4 206
729 1
32 223
51 45
3961 2
368 103
41 7
4 157
20 68
155 27
28 267
17 30
1 1093
4806 25
4 300
2 36593
192 4
9 5085
430 2
13 42
1 546
4566 3
2 285
516 4
3 108
4 435
5 902
245 1
396 5
19901 1
390251 257
2 140
2268 1
1 2919
5 685
26 6
9974 1
28294 14
103 52
140 2
13 268
1 121971
1 460
1808 150
2 63
3 266
22 58
1041 2
177 3
362 1
40 2001
1 381
3 411
405 19
99 75
102 71
230 8
23 19
159 4
35 10
4 11236
1 238
28866 1
591 1
135 31
11 21
72 5
1 31
310 3
96 155
557 2
25 145
7 97
1542 1
11 98
12 441
22145 1
54 4
1 1928
58 203
3 710
152 12
7 246
10 86
708 1
458 2
30 45
91 1
20 3
2 530
6 42
427 3
10 57
302 3
896 10
57 2
4 543
2129 2
180 16
2 14670
1 15062
1 1755
20 353
39 7
1 1273
208 1
6 340
9 240
60 20
322 25
15 46
19 43
76 8
5 4
8 312
1 4729
845 1
1461 1
251 18
52 33
473 12
70 64
1 1509
6 1858
42 27
393 5
2117 1
2 1034
1637 9
3820 1
4 83
8 22
85 8
107 19
14 12
307 2
554 1
1 1159
39 587
3 1585
961 1
122 15
51 9
17 105
2234 1
2 479
2771 346
4 369
3 15730
6150 2
7492 25
88 2
1 669
2 334
40 165
3 59
131 14
4 256
1199 2
50 66
13 78
70 1
1 526
2 225
3 72
477 1
60 47
4448 8
107 12
137 8
5426 1
3 307
2 144
3 217
2055 906
3 1117
12 25
1 2520
197 19
1 296
2 3
6489 1
3 358
6 571
409 3
12 232
31 156
126 26
2731 4
1 345
55 10
59 79
22 22
153 6
1424 1
1608 1
31 45
15 936
35 38
5 4054
21 7
3 516
3 1994
15218 1
2080 1
135 3
5163 9
304 5
2503 1
21621 2
1 123
21 104
7 69
2 5895
7637 11
2 583
7 285
940 1
183 42
10 74
9 70
30 9
323 1
508 3
570 2
5 2073
20 39
6 22
9 306
1 12797
67 4
2 1836
2 1117
81 60
43 31
9 131
1 2664
157 11
33 5
15 413
20 261
11164 7
5 215
14 2059
86 2
15 2
184 6
493 4
6 493
5 120
9 125
52 5
952 11
1 1473
166 5
4 928
21 782
8 419
1091 1
32 57
89 56
1 942
18 4
4 55
8 50
2 6372
786 1
1 991
669 7
169 1
12743 13
1 21774
239 4
1872 1
1 840
937 4
27 28
320 2
13 225
16 267
179 201
1 761
2 338
40 129
3 23
64 7
302 1
620 4
19 1037
1 618
2 197
40 16
3 164
10578 1
9728 1
46 10
89 4
16 41
515 1
2 116
3 309
3 622
83 3
6314 1
429 19
12 61
2195 1
327 6
1 308
2 999
1 2776
3898 1
1027 11
163 8
1 165
2 918
3 467
25 47
139 19
31 1
86 1108
200 3
509 7
1 214
1 42649
2 777
21 27
3 608
78 36
43075 1
7 24
10 268
1117 1
1 71
2 696
404 4
7 169
11 170
34 9
148 1
24 15
9388 6
6 99
869 217
7 117
1666 3
87 12
3 6860
987 2
4 2836
1 2101
6 498
299 4
617 1
16794 1
11 392
15 320
23 500
167 5
5 186
2297 1
336 15
9 191
29 36
293 3
8260 1
33 33
80 4
133 6
715 124
9 8
318 2
503 2
750 1
4955 1
901 1
5 92
62 7
51 10
7882 5
52 25
34 572
3 1387
8 95
136 20
28 2
89 20
226 3
75 25
682 3
4 43
8 46
65 3
250 1
179 7
66 36
401 1
1 1231
4 186
145 20
47 4
19 1097
1 852
6 136
2 391
1 1144
2591 7
27 53
13 5
2159 1
198 3
1 709
17742 1
2 310
40 125
1 3049
23 108
3606 1
11 226
73 11
50 10
13 406
43 3627
2 169
40 12
5 1030
596 1
12 82
2 500
16 21
34 65
1 487
2 88
130 5
3 273
22 31
315 3
10 639
12 33
19 7731
69 16
969 2
1 272
6 70
2 971
3 446
17 35
4 1677
7 350
120 24
3513 1
1 2982
35 17
1 129
77 29
96 1
25 11
45 184
263 1
2042 1
2 1473
30 72
1 50
21 63
3 604
6 86
485 2
414 6
44 7
7 141
158 11
91 36
4 3477
498 30
6 79
299 2
10 2
11 295
195 2
16567 1
1466 1
1 1869
849 1
1 37746
1 515
232 29
285 13
161 7
218 80
1 1790
4 715
1 1721
5 158
3 18338
1000 2
29 8
16 406
90 22
4 2094
19 14
312 4
20 317
5 47
9 36
56 9
365 1
1 1432
6 426
42 36
32 534
13 3571
392 11
5 20691
18 61
146 6
3 1017
1380 3
4 120
260 2
8 123
80 22
89 112
1 2596
914 2
75 5
1 1210
336 13
4 15
297 3
2187 3
482 1
161 51
1 775
2 504
1 1067
41 6
457 6
1312 1
5 135
36 3
88 39
216 28
17 29
1655 246
2 363
1 58769
1 1092
41 151
4 301
23 3
6510 1
192 5
48025 1
430 3
13 41
677 2
1 545
2 282
3 111
60 4
667 20
271 6
1 13741
153 13
443 3
1 594
2 141
828 1
97 9
4 1603
93 9
26 7
211 1
2 95131
2 48177
13 267
1 451
2508 1
2 60
3 269
315 47
27 659
80 2
177 2
2 6787
435 2
3 2790
55 33
1 2560
405 18
45 11
49 72
106 11
72 183
35 13
328 1
1 237
82 16
11 20
72 6
2 1445
1 30
6 9774
5 1598
557 1
7 96
48 31
11 101
54 5
276 7
3 713
1 5052
101 22
30 18
4 4129
15 666
8 297
1 1848
20 12
1362 3
1589 1
498 2
6 43
427 2
10 38
67 43
674 1
4 21594
4 3052
174 8
57 1
63 63
7032 2
291 1
589 99
39 6
5 242
208 2
15 41
878 3
19 42
538 2
76 9
13 1300
92460 3
5 3
190 1
66 19
2 1803
1088 2
1276 1
32 30
14 98
15 207
2 1722
1 1301
4 92
2700 1
995 3
8 23
27 277
2083 1
32 141
14 13
71 36
554 14
4 227
3 1584
1039 5
51 8
1 8662
2 476
520 1
1424 4
14030 1
9 540
370 6
88 3
141 7
146 1
1375 2
2 335
1148 1
3 58
4 257
23 39
687 12
20684 1
70 6
17 138
1 525
2 254
3 75
4 400
2685 1
69 182
1924 2
36 1
8 3226
2 145
258 7
20 3290
443 1
26 27
4 39686
5 32656
12 26
875 2
16 93
1 303
187 4
409 2
49 27
9382 5
16 236
1 344
55 5
210 46
89 121
31 44
35 41
1 201
4055 1
21 6
3 519
530 6
206 2
7 55
135 2
11 48
638 1
4908 1
5 368
1 122
978 2
6 245
172 5
45 273
101 7
3 1280
65 13
2 580
24 52
4 1034
1258 5
262 18
10 75
138 4
11 286
30 14
2 18935
215 22
3 1501
1 120
1 1796
20 32
4 621
9518 1
6 23
67 7
289 1
160 33
43 30
6 422
9 130
29 95
7384 5
33 4
1391 1
1304 3
2 49251
440 2
1 4042
9 19
172 7
86 3
1942 3
15 13
18 355
6 3176
184 7
76 45
3 1249
123 10
52 6
1 1472
28 63
17 298
1 941
18 5
2164 1
203 3
4 48
39 556
8 51
34 1071
24 60
71 8
4 199
61 18
8 130
1 4247
283 24
48 3203
88 112
839 7
17 84
1 847
1008 1
2 416
17 51
259 19
151 1
27 31
320 3
1 760
2 339
37 48
3 22
1237 1
30 30
373 2
3 7738079
107 90
1 617
1744 2
2 194
3 167
2 5361
46 11
512 3
268 1
16 42
1 410
2 117
3747 1
79 65
83 2
1169 3
1 1117
1 267
419 4
737 1
3 325
4899 15
2 1193
49 7
287 5
1 25329
1 164
1583 1
2 919
37 230
59 106
13 7
2593 6
82 73
102 12
200 4
1 213
2 218
438 2
127 1040
2 2130
7 27
870 1
2982 3
253 1
1872 2
1 70
4 1179
2 697
383 3
6 209
2612 4
48 39
34 6
2 1308
128 79
148 2
1 33080
6 96
127 68
1 2474
3142 1
879 19
185 3
1 2100
1 4885
1 5177
793 2
953 6
34 6324
1200 1
1 4005
1 1651
265 4
599 1
33 32
1 1538
204 15
80 5
133 5
9 15
7 620
10 1744
16 388
565 2
22920 10
3 187
121 16
1 1459
4 1014
170 26
62 4
4165 3
2245 2
52 26
716 1
50 41
38 29
3 8205
99 1
28 3
32 70
1299 2
1 1579
1546 1
2 1634
1 1373
4 20
8 47
65 2
5 174
36 20
910 16
1 826
4 187
1 44101
118 9
526 32
216 1
17 48
37 61
1 1151
97 2
815 2
13 4
12 1625
43 74
1 708
2 311
1 3048
4 6840
302 34
50 11
1 629
2 166
40 13
3 131
23 220
655 12
46 39
103 18
1 481
16 22
1 486
55 175
2 89
130 2
3 272
22 28
315 2
562 1
12 34
1 279
3 417
1 20914
49 35
1061 1
35 16
1 128
20 676
2 891
96 2
538 89
25 10
6 2851
65 844
766 3
83 29
1 49
3 607
78 1
346 2
485 1
35370 67
6 2441
3 748
6 189
1315 1
30 55
1 7695
1 3038
2 524
21 272
6 76
4 221
10 3
195 5
5264 1
10 231
66 362
9 98
1 13288
161 6
53 16
2 1026
35 165
5 157
831 1
7 2453
1078 2
2 56819
170 1
56 30
2088 1
53 129
19 17
312 5
5 46
9 43
66 12
180 4
56 10
19 126
3341 1
5 447
62 32
65 204
17 353
18 58
146 7
8 385
1 1288
331 1
4 121
260 3
8 124
763 2
2 6101
51 190
14 54
71 67
75 4
4 8
297 2
8 203
27 185
374 16
51 47
1 774
2841 1
112 15
1 1066
41 5
6 1041
448 1
47 27
8372 3
880 4
2 360
94 2
23 2
3255 3
1294 1
13 40
677 1
1 544
2 283
3 110
60 5
1 593
2 138
22 73
4 1612
26 4
889 20
46 67
1482 3
27048 2
2 61
7251 1
3 268
22 56
794 1
52 3743
177 1
486 21
1 371
68 14
2 940
2 531
1880 1
25 117
45 10
1279 1
106 8
7 134933
35 12
328 2
1 236
220 16
69463 1
82 17
561 1
11 23
89 75
1 29
310 1
2 718
1 2337
78 29
2 2074
742 4
6 14898
11 100
233 20
343 75
54 26
1396 1
2 609
6 153
523 1
10 84
30 19
1979 2
91 3
20 13
6 40
176 6
10 39
1 8583
8 732
2 2735
3 1027
9 19111
253 40
39 1
5 241
208 3
1495 2
322 23
76 1485
33 232
15 40
1 1338
19 45
4 20373
76 10
44 40
5 2
9 71
372 941
1514 8
1 16717
2 115646
6 1856
42 25
258 4
156 1
14 99
1 1080733
270 9
18 30
1 1300
4 93
8 24
16 2399
27 71
13 793
14 18
625 1
4911 1
1 1157
411 4
4 236
61 13
1039 4
51 11
5 1438
1 866
1 74197
2 477
58 790
1 1078
4 371
387 13
234 144
1 14062
88 4
141 6
1 24165
1 659
202 52
511 2
3 61
758 1
2 14244
9 620
13 76
70 7
2 255
168 11
3 1918
20 110
62 747
7 197
107 14
144 20
36 2
2 110
3268 1
3 219
24 1182
12 27
73 3
1 302
81 8
2 1
3 360
409 1
248 23
542341 1
49 26
969 217
1 351
55 4
148 410
3 505
59 21
1 2245
805 2
1 200
21 5
3 518
206 3
7 54
45 255
53764 1
11 51
5 3272
2 1414
1 121
2 722
7230 9
12 154
7 71
10 249
1 721
188 4
1 7878
1 1782
24760 1
17028 2
1 181248
1011 1
1 2238
6 133
279 191
7 212
138 5
2284 1
323 3
6554 1
2 1192
77 16
6 20
4115 12
67 6
238 93
20 144
4 765
721 5
774 9
43 17
1 4988
104 1
16 1187
1 12583
3 66
271 1
20 263
1 4041
4 202
9 18
1974 1
194 14
202 147
15 12
184 8
493 2
9 99
7156 1
8935 1
460 14
52 7
1 82089
113 55
4 930
8 421
2704 18
1 175644
18 2
1 1392
117 11
4 49
132 14
1474 1
8 52
30 13
672 11
857 1
1 989
1 1249
8 131
36 26
13 142
2 71829
17 75
1 846
1008 2
2 417
4 343
1 4048
27 30
28 333
13 31
4 198
1 767
74 31
3 25
296 45
8713 1
64 25
1118 2
5 251
1 408
12 70
1 616
2 195
40 18
3 166
6 332
1203 1
46 8
268 2
1 409
2 114
3 311
83 5
80 9
2266 5
305 3
490 1
1 266
45523 1
12537 1
10 2175
173 12
49 6
31 114
16 102
287 4
1 187
21 168
3 469
25 45
102 13
1 23274
31 3
200 5
78 617
1 212
21 25
3 610
7 26
93 10
14911 4
11 95
68 4
16 1015
4 10317
1 69
15 29
115 35
280 12
4153 3
836 1
4338 1
34 7
219 1
148 3
24 17
6 97
10 108
1049 1
2146 2
185 2
4 578
4 7984
299 6
3 1233
953 5
365 3
1 51982
167 7
5 184
336 1
7 990
29 34
33 39
143 46
1006 2
1 1537
204 8
5 201
133 4
9 14
66 41
7 1571
565 1
15 96
2 1857
19 101
1034 24
5 90
8 498
62 5
1 67069
3 243
52 27
3820 2
716 2
8 65
28 28
5603 11
23010 1
506 2
14 91
456 1
1 904
1 16422
4 21
65 1
4 12925
32 182
179 9
1 825
1 1229
27 77
725 30
47 6
216 2
951 27
1 682
2 389
1 1150
4 331
585 1
517 23
28 337
13 3
198 1
74 51
2 308
3 117
50 8
1 628
2 167
40 14
3 130
26 33
1682 2
1848 1
2103 1
13 485
16 23
1 485
2 86
130 3
22 29
1136 2
11 780
12 35
14 945
1 278
3177 1
2 969
549 19
2118 1
211 325
528 1
10 366
13049 1
1 3523
1 135
4453 1
96 3
3 561
25 9
1383 2
11 59
263 3
685 1
27 4111
1 48
917 2
78 6
4 1965
7 126
414 4
21 67
1 1953
152 51
44 1
266 7
451 1
128 44
20 106
3 892
43 187
6 77
1 1183
195 4
1281 1
417 2
4 550
6 476
63 5
1025 4
5885 1
1 68
3640 1
5 156
4117 9
14794 3
29 6
293 14
214 2
143 2
19 16
1 1645
1414 1
5 45
62 86
9 42
797 1
15 68
18 168
56 11
19 129
2477 1
62 33
286 2
948 2
18 59
146 4
1 1295
4 122
4 156
578 3
1 868
11 175
6 149
2 928
1 916
4 2525
75 7
1 1208
3095 2
4 9
297 1
65 7948
1693 1
337 7
2 589
1 773
1 1065
41 4
1399 1
1 3581
1194 2
47 26
340 16
17 19
1 694
37 9
94 3
23 29
20 87
3255 2
1 4175
84 29
430 1
13 39
396 177
1 551
255 20
2 280
3 81
60 6
259 3
3770 2
46 209
50 44
1 592
643 1
2 139
3 254
26 5
10 654
211 3
1 449
2 58
3 271
79 56
686 16
3373 1
1 5786
16 130
35 190
6671 1
1 370
129 421
1454 21
45 9
159 1
35 15
328 3
1 227
3 557
10 77
11 22
72 8
381 2
1 28
3357 3
2 719
186 16
748 8
3 538
7 98
185 1
11 103
125 29
162 9
54 27
276 1
6 158
10 85
30 16
930 2
91 2
20 14
2 529
1415 9
24 73
43 167
6 41
10 36
252 2
57 7
4 1334
9 356
120 1633
29 121
2 2023
1 1752
292 3
208 4
188 8957
7 550
446 2
878 1
1 1609
5 1
8 315
4531 1
190 7
127 7
2558 1
43 25
1 1530
42 6
8 394
79 332
156 2
32 16
258 72
18 31
1 1387
4 94
995 5
8 25
193 3
378 1
51 157
14 19
75 35
1 1156
336 2
4 237
60797 1
122 10
175 4
1 6219
273 4
607 1
404 3
10 1009
29 33
50 19480
1 439
88 5
43 83
1 658
2 333
3 60
23 33
1 3402
64 62
3734 1
7236 1
50 65
178 10
70 4
3 193
2 252
3 77
1 3323
724 1
5 237
13 476
107 1
1 444
43140 2
2 111
5 1116
1 10507
93 4
26 25
12 20
197 16
1934 1
73 2
1 301
2 30
11 237
3 363
78197 1
16 238
126 25
1 350
55 7
1 47529
224 1
6471 3
25 80
5 2407
391 1
2 2231
894 2
823 2
1 207
1 7306
21 4
42841 1
7 49
428 10
11 50
1 3855
72 36
2 1415
2750 1
2 723
3 662
6 235
7 70
7 52
54 231
826 4
2 578
6 122
7 215
10 73
138 2
30 12
323 2
566 66
570 1
20 34
977 1
6 21
9 311
67 9
2 1112
20 145
721 4
43 16
104 2
5 89
33 26
291 4
218 22
3503 1
518 3
3 1106
133 47
9 17
86 1
15 15
36 152
184 9
493 1
5 101
8020 3
8397 1
669 30
1 1478
274 17
1570 2
388 2
7 9053
2 733
32 60
2818 7
1 2526
1 931
18 3
1360 10
203 5
4 50
425 3
8 53
71 10
32 14
4 193
5 680
18 5453
13 141
1 1647
108 13
1 845
14778 1
37 7
330 19
94 72
222 29
151 3
444 15
27 17
212 19
13 30
1 766
1 401569
202 41
8 66
3 24
3198 1
23 69
5 586
64 26
11205 16
1777 10
302 4
175 382
1084 1
107 92
1 623
2 192
40 19
3 169
956 1
225 9
8951 1
46 9
339 1
139 2
268 3
586 2
3 2904
515 2
1130 40
2 115
2698 4
3 310
2 2463
83 4
12 56
305 2
14 986
1 265
1 85678
95 8
86 36
1 5826
49 5
35 118
1 186
2 917
1434 22
3 468
263 30
102 2
31609 1
31 2
200 6
1 43
21 24
115 131
7177 45
7 21
10 267
11 94
68 5
564 1
182 5
58 31
1 2408
1771 1
44 30
357 33
12 636
34 4
32198 3
1 9656
2 550
24 18
6 102
101 44
87 9
309 63
1 9513
4 579
4 722
1200 3
5 167
6 384
1 22322
1632 6
109 269
88 9176
1699 1
1024 1
57 168
80 7
133 3
9 13
318 1
66 38
29 210
2 649
17 746
15 99
19 100
1 1457
283 3
6 1067
62 10
123 40
3366 1
109 21
1 51081
1 1314
1987 2
99 3
11 1125
28 29
26 108
32 88
1 911
18 103
38 98
4 22
8 209
1 2839
1024 4
2177 2
1 824
826 1
1 1228
4 165
5 652
27 76
47 1
216 3
1 681
2 386
49 559
31051 6
65 290
13 2
1 730
2 52830
3 116
60 99
1 3250
50 9
1028 2
1 587
164 1
2 164
40 15
3 133
386 7
26 46
140 26
16 8
1 484
6 80
1 17938
202 7
3 274
22 18
315 4
633 1
207 18
17 1358
163 88
1 277
790 23
17 1503
35 18
8 314920
1 134
316 3
2583 22
96 4
149 6
25 8
45 181
263 2
1 5727
766 1
1 55
917 1
1 2523
78 7
25 185
1 5576
1 7836
1 6505
44 2
10 190
134348 1
266 4
168 53
3 3147
3 895
81 3
1 5062
10 1
48 340
30 68
417 1
2 1169
3 285
1 2070
63 4
161 4
1519 1
2 1024
5 155
3 18343
29 5
2 425
11786 2
214 3
2 1971
19 19
1 1644
18 1730
1732 5
5 44
868 4
9 41
66 10
1 6949
180 6
56 12
1 3745
1 175380
355 56
1019 1
30 8271
146 5
529 7
8 1802
4 123
3 1352
5367 1
14 52
75 6
368 12
4 10
631 5
8 205
36 17
2 6315
1 772
112 1
41 11
4 153
1 3580
279 1
118 107
1 4317
526 2
13 213
1797 3
17 18
1 693
2 358
60 144
23 28
1365 1
501 2
15787 24
13 38
70 25
1 550
2 281
3 80
3045 1
60 7
121 23
174 11
12510 1
396 1
14 624
1 599
2 136
3 225
26 2
27 72
211 2
1250 1
16 116
66 79
1 448
2 59
865 1
3 270
2 87
7 302
177 7
31 164
415 5
1 369
44 305
1016 2
45 8
680 4
1 15745
35 14
79 39
1 226
3 556
1617 6
82 15
5364 2
11 9
381 1
1 19
310 7
21 80
7 93
1 7665
11 102
2380 5
54 24
1 1932
58 215
276 2
5 1612
6 159
101 19
30 17
91 5
128 9
1 1853
20 15
313 3
498 1
6 46
10 37
27 1089
51 691
8 60
57 6
1328 1
63 56
14 237
393 4
622 6
825 9
57 119
20 365
39 3
208 5
2407 1
1557 1
693 2
6924 6
15 42
2 1943
19 47
1 1608
76 4
298 26
9 69
29 154
844 1
1 2588
4 968
42 7
1 3725
8 395
227 1
16341 2
32 17
15 200
18 28
4 95
5 290
8 26
745 1
193 2
14 16
1 1015
2 1576
1 1179
4 238
61 11
32877 7
25 37
344 1
17 109
1 1076
220 14
1014 2
1 1340
943 2
141 4
9 4265
2 330
3 63
4 268
23 32
13 74
70 5
1 514
2 253
3 76
4 403
386279 1
1 1303
21 4360
14 588
1 435
2 108
221 24
3 221
2404 2
690 1
12 21
995 1
126 143
73 1
1 300
4359 1
2 31
2014 31
1943 1
1 349
55 6
2 910
21 146
224 2
1 93506
82 96
82518 2
31 41
92 9
992 7
21 3
206 1
7 48
11 53
68 34
72 37
10482 1
1 127
6 232
7 65
2 5855
105 35
286 8
6 123
10 118
138 3
15 2095
195 78
968 2
34 80
21 103
20 35
6 1135
6 10
1 3511054
67 8
1153 5
536 1
43 19
959 1
1277 6
104 3
67 153
1 40604
271 3
1638 1
440 5
39 39
5 211
6 308
9 16
47 77
2 4355
86 6
15 14
3 10449
112 19
76 40
422 4
5 100
8 472
9 97
7 666
7218 2
1 1246
52 1
15 191
1 1477
459 1
388 3
706 2
891 2
1 930
1 1398
4 51
132 8
27 242
71 5
2 1548
108 10
27 99
47 108
37 6
1 1040
222 2
151 2
27 16
320 6
1422 1
13 29
2683 10
1 765
3 27
23 68
24 9
5 3495
302 5
2485 1
126 457
4 10852
1 622
2 193
40 20
3 168
117 10
154 4
46 14
1 1103
16 45
453 8
1 415
2 112
3 313
205 17
83 7
1 5968
12 57
305 1
54 128
1 264
6 66
2 995
54 1448
5 1472
373 1
7 374
49 4
1407 1
234 8
287 6
1 185
55 106
348 16
1752 6
9969 2
8494 12
31 13
1373 2
1 15817
200 7
1 42
438 1
21 39
3 612
7 20
46 714
68 6
1 91
1524 1
3 757
6 212
44 31
651 1
158 19
23 64
34 5
219 3
111 17
2 551
24 19
6 103
1737 1
2 5714
3 779
20 199
24 130
849 6
768 1
50 30
1 1686
4 723
167 1
5 166
9 163
81 6689
599 2
33 37
1870 1
168 8
271 103
5 55
133 2
9 12
33 150
15 98
18 322
113 64
1 18990
115459 2
5 88
136 137
1 4517
284 1
146 30
38 16
10560 1
99 2
28 30
1370 1
14 89
753 1
187 935
4 23
65 7
179 11
1 831
401 5
8396 1
8 161
27 79
1 440
3994 9
1 680
454 2
2 387
1 1148
886 1
13 1
1 729
3 119
296 11
23 104
50 6
12 67
1 24028
164 2
2 165
3 132
2408 14
818 3
103 15
16 9
201 3
2 84
130 1
2 117962
22 19
9 47954
3 5082
6403 1
1 276
4782 2
59 26
281 4
615 1
1 5677
12 172
1 15780
83 11
1 133
96 5
149 5
25 15
44 221
1 9062
1 13599
46 375
139 51
2764 8
1 54
2 745
21 59
78 4
389 7
7 120
732 1
54 61
2 664
115 1
44 3
7 137
1315 2
2259 1
2412 1
451 3
513 12
13 529
2 523
6 67
10 14
113 57
744 1
18223 3
1011108 6
232 1
7 2139
5 3707
399 1
646 2
1 12458
2 4440
29 4
3183 1
138 2153
9 11329
1485 1
19 18
4 838
575 2
5 43
40 73
9 40
66 11
7346 4
2141 1
15 70
56 13
612 2
1 3932
392 15
17 65
359 995
948 12
15 247
18 57
146 2
2292 2
4 100
3563 3
8 127
15 1608
5559 2
456 6
1 1002
1 1214
4 11
1 3650
22 7799
112 2
41 10
4 154
9 740
448 4
526 3
17 17
9714 1
1 1806
2 359
5484 2
94 1
2 3763
23 31
501 1
13 37
331 3
53 33
1 549
2 278
1948 1
3 83
64 67
1331 1
4214 1
1 983
396 2
69 9
92 12
1 598
643 3
2 137
26 3
12 114
8974 1
1 455
2 56
3 369
2 2372
12 193
486 8
1448 1
3 2996
1 368
2 939
2278 9
847 1
7 446
45 7
31 52
159 3
66 91
1 225
4 45
11 8
196 4
3724 27
72 10
8 1592
26 166
1 18
310 4
2 717
21 95
3122 1
7 92
10 192
48 19
148 208
68 94
125 27
54 25
347 1
594 2
523 2
7 237
10 83
1794 1
12 517
91 4
20 8
313 2
6 47
3474 1
10 34
1 1170
2857 1
6375 1
57 5
6 446
464 1
110 2
1031 72
39 2
332 8
1 4066
261 4
3402 894
693 1
15 53
76 5
2990 1
5 15
5642 1
1406 4
15 1934
844 2
1 1528
1854 7
42 4
5 400
16 1677
119 22
1498 3
32 18
4763 3
1745 2
15 203
18 29
1 1385
810 1
4 88
5 289
8 27
193 1
89 80
71 32
461 8
1 3502
27 40
51 12
344 2
108 43
6 7564
607 3
7060 3
88 7
141 3
471 2
326 1
2 331
3 62
611 213
424 9
758 4
148 9
34 58
1 513
255 10
2 250
3 79
4 874
946 5
2 15486
13 474
107 3
36 13
2 109
3 220
12 22
16 81
1 291
2 28
2185 2
6 572
4 296
3326 3
15 774
1 348
55 1
224 3
116 17
759 6
1120 1
49 104
35 45
1 205
21 2
3 523
125 454
44 165
7 51
11 52
34 143
1 126
21 115
2 3069
172 1
10 228
543 18
5809 7
2 1332
826 2
2 576
1011 2
6 120
7 209
1576 422
1 1816
20 44
4 617
6 11
191 5
22864 2
1153 4
289 5
57 33
366 21
1823 3
43 18
9 134
4 447
1449 1
33 24
342 2
474 1
271 2
589 3
1 1594
518 1
6 309
9 23
86 7
15 9
19 74
1 1451
4 798
422 5
5 99
14 211
52 2
19 187
645 19
59 64
2667 1
706 3
28 59
32 62
89 3
1398 1
18 1
327 9
4 60
425 1
8 55
3 1060
1 978
4 195
11 4991
61 46
8 134
1 4331
5672 1
175 26
37 5
2220 13
1493 2
27 19
13 28
14 271
17 217
1 764
74 26
2 303
3 26
6 1391
188 6
100 13
620 1
197 80
1 621
2 222
40 21
3 171
117 9
154 5
46 15
339 3
16 46
1 414
2 113
22937 1
1 2692
124 155
83 6
12 58
1 271
3 329
7 369
120 1
173 9
1 23422
287 1
163 15
1 184
719 2
6 939
2570 3
1990 1
45 79
31 12
509 2
1 41
21 38
44 137
7 23
11 80
68 7
382 2
2 1385
37 68
1 90
2 8619
21 407
404 1
4 1115
44 24
7 164
1 6218
1102 1
34 2
219 2
1305 3
111 16
2 548
1490 1
24 20
6 100
1 5112
7 821
10 107
873 1
87 11
298 40
3 3326
4789 4
617 4
768 2
5 165
9 162
144 4
3646 2
170 5
3 2795
18 304
1006 1
5 54
133 1
6 273
9 51
15 452
194 17
355 3
5338 1
1 1463
1219 1
62 8
1 4516
284 2
1651 2
149 49
1 340
38 17
99 5
28 31
321 3
213 21
506 1
1 909
7311 3
1 1361
4 16
23 276
189 12
27 209
65 6
2 5049
1336 1
21519 1
1 830
2 1553
4 167
8767 29
8 162
1935 2
1 1317
103171 32
47 3
1389 4
1 4599
269 5
17 52
1 687
1565 1
701 2
4140 35
98 57
84 4
51 26024
3245 1
1 728
1795 1
2 307
3 118
391367 1
4 453
38 41
50 7
1 4394
235 1
1 585
164 3
2 162
3 135
25 323
26 44
12 79
16 10
1 197
201 2
2 85
22 16
315 6
2322 1
569 1
1 363
3 421
352 1
71 9
106 16
1 132
1269 3
96 6
1198 1
25 14
7 490
3566 3
581 1
45536 2
1 53
2 742
78 5
11 44
135 70
85 45
17227 1
43 303
7 136
266 2
30 59
1 7683
1 2299
6 64
2065 1812
11 67
10 15
60 14
2378 1
1 3677
4 68009
1 1856
111 165
1 2696
8 548
171 16
5453 1
63 6
232 2
33 87
53 28
1254 1
5 153
100 25
2 4441
29 3
1 39818
214 1
507 9
53 141
19 21
44961 2
125 21
3 1196
9 47
66 8
3 4257
1044 1
6 1161
465 1
56 14
1451 1
2919 17
1 790
1883 2
2277 1
2757 3
18 54
146 3
1 1292
5799 1
4 101
1093 2
2 1602
4 244
189 16
544 1
11206 4
2 5021
1 6774
967 1
1 794
112 3
165 7
41 9
4 155
1144 1
448 5
47 39
1797 1
17 16
1 651
37 221
94 6
2 15107
23 30
84 24
50 88
13 36
16 328
1 548
81 49
631239 4
3 82
60 1
282 7
467 1
126 262
1 597
2 134
3 227
97 12
5416 1
211 4
8216 3
2278 1
1177 2
1 454
2 57
3 368
79 5
177 5
1 2987
291 13
3 385
45 6
11740 2
230 2
31 55
159 2
35 48
1 224
1748 4
3 558
4045 2
11 11
196 5
46 71227
1 17
2 714
1 2341
647 254
7 95
4 5023
1211 3
54 30
1 1922
6 3
1 1867
3 716
1 20525
1001 3
30 23
70 1120
57 262
2 1216
20 9
313 1
6 44
10 35
59686 1
11 326
15 278
57 4
1159 1
16552 1
1 1710
1328 3
43 41
464 2
1591 2
218 49
3872 4
110 3
1 1757
22 238
5 253
6 334
539 48
446 1
1 661
76 6
5 14
34 1695
9 75
7 688
986 173
3 165
1 1535
42 5
227 3
3 975
606 23
32 19
14 103
1745 1
1 1384
4 89
8 28
2573 2
28 71
85 18
14 22
538 287
554 11
1 1177
18407 1
122 9
175 1
1 6738
51 15
344 3
17 99
607 2
98 14
2 5572
8737 2
1261 1
88 8
141 2
5778 2
2 328
3 33
23 34
2 2470
178 9
17 141
1 512
292 1
3 78
4 413
23 147
5 996
33 203
107 2
70 138
36 14
2 106
3 223
761 1
3737 2
12 23
69 66
1 290
2 29
3 364
4487 3
409 5
1058 2
1705 9
31 154
318 19
1 339
224 4
153 8
462 2
391 2
3 1187
6028 2
894 1
1 204
21 1
3 522
7 50
400 8
11 55
68 44
1 125
58 6
1 2305
44 53
172 2
11 132
1 309
5 2290
2 577
209 3
10 116
138 1
3237 1
33 317
1 7755
1 1823
20 45
77 12
3 953
6 8
191 4
1533 9
67 10
4 2231
623 1
1 29677
6 411
159 97
104 5
248 48
589 2
1 1593
80 30
6 298
9 22
446 61
194 10
86 4
15 8
308 6
184 12
5081 3
740 1
8 474
9 103
123 1
52 3
1394 2
1570 1
1977 1
89 2
1 928
1 1396
4 61
132 10
8 56
1721 4
18216 1
264 21
16 1635
12 1356
1104 2
1 1797
240 1
4526 1
169 11
8 135
407 1
47 110
1 834
2 445
27 18
1 1335
1422 7
13 27
17 216
2 300
3 567
6419 1
19 1043
1 620
2 223
40 22
3 170
117 8
154 2
46 12
339 2
14 74
586 1
1 413
2 78
3 315
2 2458
83 9
12 59
1 270
5 3441
3 328
5341 1
7 368
120 2
2 13913
1 1357
5599 1
1 191
112 614
574 2
1805 2
19 67
210 15
102 1
139 9
31 15
509 1
1 40
21 37
7 22
10529 1
1235 1
1 89
58 26
1 2413
1771 2
71 33
4 3803
1311 111
10 153
3019 1
34 3
1 3700
256 9
24 21
6 101
10 104
87 10
9 877
1 24752
185 6
4 590
2737 1
1 4968
78171 4
13 3336
855 1
53 7
200 453
1 64
167 3
100 102
7 986
29 62
1 1541
5 53
11 2966
9 50
1 1462
1034 4
3661 1
5 70
62 9
355 1
284 3
217 32
10 158
109 18
551 511
38 22
166 91
24 452
8 69
28 24
321 2
2302 65
533 7
14 95
30 213
517 76
4 17
5 376
384 2
65 5
374 9
1336 2
14 462
472 1
1 829
2 494
1 1217
98 71
1 3477
8 163
118 2
47 2
216 6
1318 1
4 441
1 686
2 436
701 1
2 3757
2 5574
84 5
7 224
13 63
306 11
14 744
10 68
74 63
2 304
3 121
50 4
30 3
1 584
81 35
2 163
131588 11
3 134
386 2
26 45
1190 1
818 1
12 72
16 11
1 505
2 82
3 279
22 17
1509 7
1 657
88 397
16 154
235 302
30 100
1 362
81 6
59 28
352 2
6 517
2551 4
615 3
1024 2
573 1
35 23
1 155
1269 2
96 7
149 3
25 13
334 1
424 8
1 464
2 1499
1 52
24 339
255 4
1164 1
1 2882
12 396
4 2371
661 9
2 662
2844 1
115 3
6 182
7 139
79 390
8 514
513 2
3 3148
111 55
6 65
10 12
5 7155
87 46
1 3059
417 6
664 1
4 546
1 2155
215 75
778 9
63 1
2493 19
232 3
2 1055
1766 1
39 24
63056 2
39 415
3878 3
9 221
29 2
198 24
168 13
3446 1
19 20
238 136
5 41
30270 1
7099 1
9 46
15 64
56 15
2 30223
32 8
542 9
1266 1
455 14
3 3737
331 4
4 102
26 730
46 1561
606 1
1 1000
18 70
2 1603
370 1
6 1147
21260 1
80 109
544 2
51 50
12 1300
1 793
2 498
165 6
1 1069
41 8
4 132
26 508
279 2
597 3
526 1
36 12
17 23
1 650
933 1
94 7
1180 6
4 299
23 25
33 34
192 27
9 635
84 25
13 35
25768 1
1 4187
1 571
2 276
3 85
60 2
4515 6
5 225
16987 2
16 472
1 596
643 5
2 135
3 226
97 3
3011 3
26 1
433 1
2 54
311 32
1 2793
1071 3
79 4
5398 1
3311 5
80 3
177 4
1535 1
733 7
1 374
3 384
25 120
7 440
45 5
230 3
31 54
328 7
1 231
3638 1
1 2443
11 10
1 16
628 1
78 102
7 94
48 21
8 3066
1026 2
162 5
347 3
2 634
14573 1
523 4
10 81
5127 1
30 20
1824 1
861 3
91 6
20 10
2 3565
7 7199
6 45
5 2721
10 32
67 17
7 2088
52 86
896 1
57 11
295 1
43 40
63 37
404 13
33 114
3 35781
5 252
261 2
9 249
29055 1
15 55
19 48
1 1613
76 7
5 13
8 319
9 74
375 21
412 1
52 40
723 5
113 14
22 704
42 2
8 398
27 378
3 6777
119 16
69168 1
1 6839
14 100
217 24
18 27
1 1391
4 90
8 29
193 7
85 17
5 387
89 86
1 1012
1727 1
4 2493
153 10
61 8
47 85
51 14
344 4
17 98
2 470
35 7
111160 1
61 121
27 9
5552 2
88 9
141 1
1 662
527 2
2 329
3 32
41 245
2 3733
23 61
682 92
15206 2
95 29
1 519
2 248
3 177
60 38
2907 1
231 15
107 5
1 206
36 15
329 3
2 107
258 1
506 7
26 101
2651 4
2 801
12 16
16 83
19448 4
73 6
1 289
2 26
311 4
95 12
79 24
409 4
743 1
1677 2
49 29
571 3
1 338
534 100
183 78
7628 4
224 5
277 5
153 15
12 374
1 15842
1 195
3 525
6 860
44 167
7 45
11 54
860 1
1050 9
1 124
1 9767
58 7
665 21
243 1
172 3
17 1222
641 12
1073 1
9 426
176 9
10 117
1 5286
6872 1
2 1189
1 1822
112 3079
902 68
6 9
191 7
48 287
67 13
360 1
413 9
1 1679
2616 1
43 20
9 132
1277 3
104 6
157 4
589 1
5115 1
39 32
16 1474
9 21
5 5357
86 5
15 11
19 76
1 1449
20 499
5 97
149 13
81773 1
52 12
274 2
13 154
459 2
1371 1
706 1
51 27
7064 1
32 48
89 1
1 935
4 62
5 259
8 57
1 851
17 445
71 6
1 1252
61 44
9 721
3 637
108 9
1 833
37 3
1 1045
222 1
4 348
27 21
13 26
4122 2
5 772
19261 1
3 28
141 102
35 616
842 5
1 611
2 220
40 23
3 173
519 1
154 3
1 648
46 13
13 508
16 32
1122 76
1 412
2 79
3 314
22 10
885 18
5 872
15032 2
83 8
1169 5
12 52
10188 1
215 19
552 1
1 269
2 1022
3 331
4 214
975 1
120 3
91 97
31 121
287 3
1 190
12 195
2 913
681 1
1 2626
10 420
2 78281
102 6
1 2030
31 14
1 47
21 36
198 2
7 17
11 82
68 1
290 7
1 88
475 1
58 27
1160 7
115 38
280 17
44 26
651 2
972 14
3 112
16 635
219 4
111 18
9 1920
57080 1
1 2205
6 90
138 34
87 5
2 1161
1354 4
4974 6
47 747
124 14
53 6
238 2
167 2
3 1061
29 61
821 1
5 11303
4053 2
1 1540
204 5
57 34
5 52
33 67
6 279
9 49
2 1882
241 8
2 3174
740 38
160 18
16 1088
1 1318
938 1
8 70
9 135
321 1
3 258
1 899
753 6
4 18
5 359
9 892
1167 1
250 8
472 2
1 828
7037 3
35448 1
1 1216
4 161
5 648
8 164
118 3
6349 1
47 13
216 7
269 3
17 42
454 1
2 414
4 304
2 10519
84 6
13 62
1 734
18 613
2 305
3 120
1 3074
50 5
235 3
1 591
2 160
535 14
3 137
11 690
12 73
1 4064
16 12
1 504
4 28276
2 83
3 278
26 104
12651 2
784 1
69 25
16 155
1 361
183 1
352 3
25 99
31545 1
615 2
1886 1
106 30
35 22
1 154
1269 1
42 806
149 2
25 12
1 27791
9 59
7 1576
16 78
1 11
7 5224
78 11
308 4
300 1
7898 1
86 534
72 96
54 48
115 2
3561 10
7 138
10 186
513 1
4 2912
698 15
21 282
81 7
1 1525
10 13
2193 1
1472 1
2307 9
9498 4
295 28
6 465
2 168356
1581 2
399 2
59 7
646 1
2 20658
29 1
170 14
143 9
19 23
5 40
281 1
9 45
1697 1
66 6
32 410
1 2472
180 2
18 165
237 47
11 4131
124 77
119 15
32 9
25 126
217 3
18 52
327 66
1 1282
4 103
65 158
14 56
18 71
2 3126
4 246
631 1
3580 1
11 1298
218 71
2770 2
71 852
112 5
1 1068
41 15
4 133
1 1336
7 1042
17 22
1 649
2 354
40 177
94 4
1180 7
4 276
23 24
316 6
192 28
9 256
1612 2
13630 1
44 5876
13 34
1 570
74 80
2 277
8 76
3 84
60 3
282 5
103 14
467 3
1578 1
1 427
2 132
11 1763
3 229
22 67
1419 1
64 10
26 14
2 19493
3139 2
1 452
2 55
865 5
3 370
79 7
248 1
203 4
28516 1
415 1
1 373
8 3011
3 387
7 443
45 4
23 1777
10 2777
159 12
1501 1
1 230
2 857
7044 1
2315 2
11 13
6018 73
2948 166
1 23
39 36
7 89
48 22
7 2309
162 2
54 28
347 2
2 635
594 1
6 147
10 94
1001 1
30 21
27965 1
1 73325
1 50725
20 11
3 863
6 34
3239 2
10 33
26 23
7 122219
57 10
903 13
265 12
161 36
110 1
526 4
4 662
80 52
261 1
9 248
322 17
9 24365
115 29
19 51
2 134335
5 12
9 73
1594 2
412 2
125 23
15 167
56 44
113 13
42 3
227 5
1 4578
3706 1
270 19
18 24
4 91
8 30
193 6
14 20
1 971
863 1
61 7
9 692
122 23
175 3
51 17
3 2302
2 447
5195 1
98 12
27 8
212 4
21 4146
2182 5
5 3465
2 326
3 35
97 844
23 60
13 70
363 1
1 518
9229 16
2 249
516 2
3 176
539 2
335 111
11 1394
107 4
144 10
36 8
2 104
57 3571
20 3297
3490 1
12 17
54 140
73 5
1 288
6 78
2 27
3 366
480 1
7 270
7 24789
16 271
1 2099
126 2
1 337
55 2
2 906
3 511
1326 1
6 1429
10 385
805 1
102 27
709 1
6940 7
31 21
547 1
1 194
560 1
2 829
21 15
3 524
4 3142
7 44
11 41
1 15634
381 33
1 115
58 4
3 669
310 79
7 189
1 720
188 5
15 598
1875 6
1 3413
24 59
6 127
209 1
7 210
10 114
48 385
4 89466
738 1
20 47
77 10
24 170
6 14
5272 9
67 12
360 2
56981 1
1 1678
403 14
2735 1
104 7
157 3
33 29
342 1
3 69
110 29
3821 1
80 16
9 20
295 3
446 35
2 1067
15 10
2 1911
19 79
3 3634
555 1
5 96
8 476
62 19
85 210
123 3
2 1766
274 3
4 936
388 15
11 1148
28 54
32 49
4 63
8 58
11 1229
672 1
101 82
71 1
240 3
293 7
6 1088
2352 1
1 29221
1 4328
5 159
36 27
13 136
17 77
4378 6
37 2
1 1044
222 6
4 349
1 1746
5 548
444 4
27 20
258 2
13 25
14 274
1 753
2 298
3 31
60 84
188 1
36 32
12 71
1 610
2 221
12814 10
3 172
93 49
9 147637
46 18
1425 1
16 33
144 118
1 403
2 76
3 317
22 11
207 5
2081 1
211 62
5 197
12 53
552 2
1 268
20 536
3 330
120 4
1222 3
358 2
287 2
1 189
534 1
25 55
941 1
10 421
139 11
31 9
324 5
1 46
3 616
1051 1
7 16
11 85
68 2
196 95
34 174
290 4
54 85
1 95
6 200
44 27
105 3
400 2
34 1
219 7
20 92
2 547
441 1
24 23
6 91
10 22
873 6
87 4
215 51
3 326
185 4
1229 1
60 1244
254 1
53 5
2967 1
3025 1
365 2
5 162
389 3
52 2999
30 271
1006 4
294 6
126 17
5 51
42 39
9 48
636 1
2 2280
858 7
15 110
787 1
1034 2
42 72
5 68
62 15
113 12
160 19
2 6590
109 16
2714 2
19 216
38 20
4 908
99 6
27 293
5 1093
14 93
456 2
18 96
4 19
8899 1
13966 1
250 9
303 1
2 492
3 471
4 162
47 12
654 28
14 383
17 41
1 684
2 415
84 7
50 435
13 61
306 9
2 270
420 1
3 123
102 3
50 2
6281 2
11823 3
235 2
272 8
1 590
164 14
2 161
3 136
6 729
26 43
889 1
7 1884
103 11
3001 3
16 13
1410 12
2 80
4 68
22 23
2313 1
1240 28
12 217
784 2
3 2992
1 360
3 422
352 4
4 1909
45 31
4 822
106 31
35 25
1 153
149 1
25 19
7 487
1852 1
1 10
378 11
2 741
186 6
3 580
78 8
7 116
300 2
54 49
5 2215
115 5
337 3
266 1
30 62
34 37
1 96
1 2004
2 519
1 2296
8 600
6 71
134 8
10 10
319 4
93 8
566 15
751 1
1 1861
2022 2
63 3
776 4
285 5
1581 1
717 2
39 26
4 1519
100 4
1342 8
214 4
5851 4
19 22
5 23
868 1
1954 4
9 44
137 103
66 7
251 1
17 713
56 17
3 3594
68 72
2548 1
223 239
3 301
32 10
1 14620
217 2
50240 93
1 1281
4 96
1751 4
1399 4
9 6634
887 5
2761 1
14 57
2 1601
2 473
368 1
6 1145
279 5
967 2
1 799
2 496
165 4
41 14
4 134
1 61196
597 1
14 347
17 21
2894 1
2 433
94 5
131 29
4 277
23 27
5 636
64 40
537733 2
84 27
13 33
107 138
1 569
329 148
2 274
3 87
5 909
1038 13
467 2
714 1
3077 1
1 426
2 133
3 228
97 1
26 15
28 593
767 4
1 475
2 52
865 4
1 2799
12945 2
79 6
2 3766
248 2
1 372
55 57
3 386
39 1472
45 3
230 1
35 53
2 9335
1 229
3 531
8 1159
82 8
1060 1
1282 7
381 28
1 22
4969 1
1 2362
6 769
44 76
110063 1
15 637
162 3
1 2219
10 95
30 26
568 3
4063 3
128 14
20 20
313 6
6 35
10 46
181 7
57 9
1159 2
2240 1
1417 2
60 11
1 517
689945 198
110 6
536 89
185 429
39 62
332 4
5 250
8 338
446 4
15 49
1 1603
76 1
5 11
9 72
483 1
66 107
1 632
4287 1
19 163
5 434
53 2091
4 949
5 412
1313 1
449 2
107 32
7 1021
3 150
18 25
95 5
5 301
8 31
317 11
28 66
502 9
1 595
1906 19
89 9
14 21
1 970
1 8637
1 1182
4 235
1 1737
61 6
246 2
43404 1
175 2
2 468
265 9
829 1
27 11
212 5
36 9
88 11
1 660
2 327
3 34
1075 1
4 265
1 1580
2 47039
980 2
13 69
14 678
1 2906
2 246
3 179
2 3586
1881 2
1 3325
6 673
946 1
107 7
144 11
110 938
1 438
329 1
2 105
3 192
22 108
25 312
93 3
1 3182
12 18
9771 1
73 4
1 295
2 24
3 337
480 2
1607 2
18102 3
1 5880
1 23525
126 3
6357 1
1 336
19 29
1 2706
277 3
4 4005
462 1
524 4
894 4
68357 2
92 6
2 826
21 14
3 527
1292 1
7 47
10 273
11 40
675 1
860 3
1 114
58 5
21 127
3 668
243 3
21440 1
1 2763
1 2231
6 124
138 12
14364 2
792 1
77 9
1 2080
6 15
191 1
43 2322
67 15
360 3
1045 26
623 2
474 23
1894 1
188 280
2904 4
104 8
157 2
342 6
5 222
9 27
15 21
308 1
19 78
3 560
5 111
247 12
2852 2
123 2
25 119
14 215
52 14
12 1259
459 4
521 1
4143 8
14 70
1 933
2201 1
4 56
425 5
8 59
9 2106
1 982
1 6828
240 4
1 1274
4 207
7 414
407 2
4 3326
10 1400
654 1
3 408
17 76
39 63
37 1
20 210
222 7
23 466
444 5
27 23
13 24
1 752
74 6
2 299
3 30
4 493
188 2
64 16
410 4
50 31
13 105
1 609
771 5
4 109
22 153
225 3
44 577
5 965
154 1
46 19
2821 2
586 12
6817 4
1 193
36 45
2 77
22 8
207 4
562 21
12 54
639 1
1 259
3 333
6 540
120 5
2063 1
12 133
5 287
605 2
1 188
21 177
4258 4
26568 2
102 4
139 10
31 8
1 45
756 1
25 167
7 19
36 21
907 1
11 84
18 65
68 3
1154 2
608 8
1 94
475 3
2 689
115 40
7 160
1993 1
105 2
343 8
421 4
745 2
24 24
6 88
2223 18
2516 8
10 23
34 113
77 45
423 1
1107 2
855 2
124 8
53 4
57 65
853 1
5 161
8 667
389 2
1620 19
29 59
2782 1
821 15
110 62
1 1562
2165 1
170 8
5 50
9 55
15 105
1 1419
170 2
62 12
355 2
2011 97
602 1
3101 1
531 7
6 198
38 21
2 611
8 72
51 30
28 27
5 265
7935 3
14 34
142 23
1 897
753 4
92 5
1 1365
4 28
189 8
28 138
621 5
472 4
5 3118
2 493
37 31
41 17
4 163
118 1
47 15
1 1049
2230 3
269 1
17 40
1 675
2 412
5 2923
291 19
1073 7
13 60
491 14
81 61
2 271
420 2
3 122
50 3
235 5
2 190
221 42
3 139
386 1
26 40
2 1222
1260 17
12 75
140 16
586 32
201 6
81 16
2 81
37 197
1 2690
22 20
1 429142
871 1
69 7
1 367
2128 1
2 960
5 1327
405 5
82 146
45 30
652 10
230 26
12 169
1 152
220 4
1 2476
1703949 1
25 18
12 312
168 81
1302 39
1050 4
186 7
3 583
78 9
371 1
7 119
1 114009
10407 1
9813 1
115 4
1201 1
4719 1
7 132
10 184
11 193
3 783
34 34
2881 1
279 12271
81 5
134 9
5 16031
10 11
970 1
488 1
1 1706
1 2152
902 2
464 26
63 2
899 7
1334 1
1 3008
2 1090
717 1
1803 10
39 21
53 32
100 5
4 417
400 4
10993 1
214 5
23 135
1547 1
6 9238
5 22
9 83
66 4
29 176
1210 4
86 67
18 163
56 18
19 134
42 45
834 1
119 9
17329 2
41597 1
32 11
515 33
14 143
217 1
18 50
5870 3
4 97
8 100
445 17
14 62
828 121
1 429
236 9
165 3
1 1058
41 13
10 4
3829 1
5 5863
17 20
1 655
2 352
1 1107
22 69
23 26
9 632
563 1
13 32
12 78
70 19
677 9
1 568
734 58
2 275
1978 1
3 86
22 214
4 421
282 3
1649 1
529 2
4 5356
36 22
2 130
150 10
26 12
1 36802
582 9
1 507
35 214
1 474
20 610
2 53
22 48
2 2369
79 1
1 331
3 389
1933 1
45 2
11802 1
3 1215
452 4
35 52
1 228
2752 2
1 17682
3 530
138187 1
82 9
135 17
2 12687
11 15
241 79
196 1
1282 4
192 10
1 21
7 91
10 205
48 8
11 156
1054 1
1026 1
2031 4
2 279
347 4
2530 2
6 145
2 1002
7 232
580 62
9 65
30 27
93 74
34 70
16 581
545231 2
313 5
66 18
6 32
10 47
8706 2
181 6
57 8
721 17
295 2
542 1
949 1
110 7
2 3197
332 5
5 249
446 5
2035 1
15 48
2 1937
19 53
1 1602
76 2
4 807
5 10
28 21
616 23
9 79
1 8094
45 35
10352 2
56 46
113 3
42 1
5 411
388 21
1 4576
28 44
449 1
32 23
15 214
18 22
7112 2
95 4
42 144
193 4
1295 1
14 26
662 137
19 384
1 1181
4 212
61 5
246 3
530 12
17 103
1 890
2 469
165 39
4 379
21 1091
27 10
1 1331
280 177
88 12
1 747
1412 1
2 324
19 606
3 37
188 127
795 1
64 53
4297 1
980 3
588 2
178 5
3 2914
1 516
2 247
3 178
1881 1
1 3324
724 8
1017 2
174 41
3993 3
1 437
2 102
3 195
581 2
12 19
912 1
92 20
1 294
2 25
311 1
3 336
480 3
7 264
1487 7
49 18
8 4749
95 19
1 343
55 28
21 156
1623 1
277 2
12 369
31 23
1048 1
1 192
129 11
21 13
3 526
196 13
7 46
428 1
176 106
1 113
58 2
243 2
4 1132
7 191
10 225
139 109
641 1
2 605
21 495
6 125
209 7
262 11
10 112
1 5307
2321 1
63 3340
20 41
77 8
1 2087
6 12
360 4
5 695
1709 2
1 1676
8 736
6 415
9 137
104 9
157 1
33 19
342 7
271 9
882 8
1860 1
3 1115
9 26
3169 2
1243 1
17 519
3 5888
308 2
2 482
8 138
5 110
9 107
2 776
118 37
123 5
160 9
26245 1
52 15
345 3
274 1
1641 7
3 721
8 429
1 876
28 48
32 51
89 6
1 932
705 33
101 119
4 57
759 1
65 61
14 502
71 3
240 5
108 11
4 200
540 10
8 139
266 5
152 26
108 4
1 838
4378 4
2 440
1 1130
222 4
27 22
320 28
4 78503
13 23
876 1
2 296
3 1
188 3
3 795
64 17
1 539
2 4707
1706 1
20 580
2 219
40 26
1 2868
225 2
46 16
1 13804
4 3473
16 35
1 401
2 74
3 319
22 9
83 13
376 1
6623 3
1 258
81 2
120 6
1222 1
12 134
1 179
187 168
319 24
210 11
102 5
31 11
1 44
21 33
1 4920
7 18
68 12
1 7817
290 2
1 93
6 2458
17 61
722 1
4 1088
44 21
10 133
105 1
34 31
1 1998
2 545
24 25
6 89
10 20
873 4
87 6
68521 6
629 57
124 9
53 3
238 1
9 165
707 26
63 7
168 9
1068 1
10999 10
1 19127
5 49
1475 1
9 54
1 22180
11 424
15 104
42 54
5 66
13 631
3834 1
3 175
398 19
38 10
8 73
62 156
28 20
321 6
11 463
568 1
1 896
991 1
4 29
5 356
303 3
3 640
1 817
45 1710
41 16
739 73
47 14
1 447
7620 1
36 797
454 4
1 1142
2591 9
1 3354
84 1
1 723
1142 16
2 268
3 125
166 539
3 1809
1938 1
5 229
1 402
3 4898
235 4
1 588
4839 1
2 191
3 138
225 46
46 44
103 5
16 15
1 509
2 46
22 21
11394 6
5 192
69 6
17664 45
254 2
1 366
183 2
59 16
1345 3
1454 1
4956 1
78 14766
837 1
35 27
1 159
96 27
1 2467
25 17
2517 1
1 5712
72 20
1 8
2 739
186 4
24 343
385 7
7 118
618 3
2 3257
954 1
58 58
115 7
6 170
7 135
1633 5
111 51
2 517
227 2
78 296
6 69
1183 1
7 788
10 8
7 2496
1 7607
902 3
6 468
63 13
29 109
470 1
1 1780
646 4
5 132
3109 7
2829 2
100 6
29 30
10 2118
19 24
683 1
5 21
9 82
66 5
13 522
251 3
56 19
256 9114
67197 19
119 8
4066 1
32 12
18 51
2 625
1 1287
8 1841
4 98
8 101
28 120
47 204
14 63
456 7
199 1
1923 2
3 1502
2480 1
1902 1
51 54
2664 6
1 797
2099993 8
2 462
165 2
41 12
4 128
1 93954
391 4
27 33
95942 1
17 11
1982 8
2 353
94 11
2609 181
23 21
316 1
634 4
13 95
70 16
1 575
2 272
899 2
3 89
1402 1
5 907
4648 1
121 24
1 21614
529 1
14 635
1 202
36 23
2 131
578 1
97 7
26 13
203 18
1631 1
1 473
2 50
3 375
22 49
29 1515
11 800
12 255
31 173
1 73638
2360 2
415 2
1 330
662 1
1 14473
32416 1
45 1
21 34
1 251
1 2447
82 6
11 14
196 2
5 67
1 20
21 89
7 90
10 202
48 9
233 3
1 7921
162 1
54 19
1 9800
276 9
24 34
45 76
2777 2
10 93
30 24
215 4
20 22
1415 1
205 46
41 1045
6 33
10 44
11 43508
181 5
1 2123
43 44
54 42
2 2047
110 4
3 432
172 4
764 1
58 25
5034 1
15 51
611 5
76 3
5 9
9 78
1594 1
169 47
4 2203
2842 2
113 2
166 20
227 6
28 45
2 135256
658017 1
18 23
4 70
5 299
8 1
11 1186
8 1011
431 1
14 27
30 195
863 2
696 11
61 4
5380 1
283 54
122 18
316 10
17 102
1 889
112 36
38 316
98 11
27 13
98 6
88 13
4985 2
6 135
2 325
2 394
3 36
866 4
6 1413
23 57
1 3394
1 6051
1042 3
10 110
178 2
14 676
363 2
101 11
275636 1
2 244
610 1
60 34
406 18
1 692
1 13703
16 56
2290 1
2649 1
2 103
37 222
3 194
150 23
2441 1
1739 63
12 12
2 541
1 293
2 22
19 940
3 339
3543 1
4 297
1 751
656 7
126 1
1 342
55 31
437 9
277 1
25 88
134 6
10 396
12 11347
1 17321
1 199
21 12
1363 1
2 2116
7 41
2389 14
428 2
11 42
5517 1
1 112
58 3
6 227
7 190
1 5385
394 1
276 45
6 114
262 8
138 10
67 96
879 1
20 42
4 599
77 7
13 64
6 13
2136 1
191 3
114 12
2735 2
849 71
43 8
4 1298
228 4
450 10
10 2191
342 4
80 19
2 2619
9 25
194 7
379 1
15 23
308 3
626 2
19 80
151240 22
5 109
1826 1
17 3903
123 4
52 8
345 2
38 239
459 6
33 11256
2 22406
14 68
496 1
4 58
5 271
8 61
9753 3
71 2
3 76293
2 1543
2 8304
1 1272
9321 1
8 140
725 1
14 358
108 5
1 837
37 15
1 1129
939 2
13 22
14 273
1 758
74 4
2 297
24 1157
410 2
440 1
657 3
842 1
1 615
2 216
939 1
1 2827
225 1
3 1105
16 36
61 684
1 400
2 75
5 1464
22 14
2 2455
292 165
1 3144
83 12
376 2
12 48
69 33
1 257
15 39
6 530
53 144
120 7
173 3
2 20639
49 61
358 1
287 15
1 178
2 877
3 476
25 52
4258 2
1 4623
1188 1
31 10
1 35
21 32
3 621
7 13
11 86
105 119
382 3
15 518
12 36
290 3
1 92
10 130
32 8034
2 1298
111 30
148 20
24 26
6 94
688 1
10 21
87 1
4 10946
177 6
1 2050
1790 1
85 12775
669 1
33 77
53 2
57 71
460 4
7123 1
204 1
5 48
133 11
9 53
86 37
10480 1
787 2
237 71
365 18
13 7357
1034 1
10647 1
42 55
5 65
1441 1
4721 3
24 1593
38 11
223 5
5 466
99 11
62 157
348 6
17680 1
321 5
14 32
142 21
3800 1
1 33963
4 30
8714 2
189 6
521 26
65 24
374 2
303 2
1984 13
550 1
3095 1
2 491
41 23
4 173
957 1
226 13
49542 24
47 9
1959 182
17 46
1 673
2328 9
1 1141
270 2
84 2
1873 3
13 58
16764 3
3 156
2 269
99 9
3 124
8 1362
4 451
121 3
50 1
3 54863
1 579
2 188
3 141
42 1709
103 4
1 196
1 508
1303 1
2 47
130 24
3 282
22 42
2647 7
2560 1
69 5
16 159
1 365
106 26
2102 6
35 26
1 158
220 6
149 14
25 16
257 17531
135 47
1 5719
1 15
186 5
7 113
547 4
58829 1
58 59
115 6
6 171
7 134
10 166
1757 10
3569 1
822 9
128 37
920 1
6 1143
6 58
6621 5
10 9
319 1
11 336
87 37
5 320
91 174
240 11
6 469
11 1789
63 12
1 55269
285 2
2431 2
1432 11
20 337
3 643
1 818
9 192
29 29
54 36
52 9845
18 270
436 1
37 84
5 20
9 81
66 2
251 2
288 8
15 79
2540 1
649 1
977 5
236 2
198 4
32 13
217 7
1319 4
18 48
4821 4
455 5
316 15
4 99
8 102
27 258
7 1384
14 60
1 995
368 4
421 6
1118 1
1 3675
782 1
607 20
165 1
1 1056
3 508
4 129
27 32
1 1052
17 10
1683 4
112 136
94 8
23 20
316 2
192 16
563 3
13 94
2 1285
1 574
2 273
3 88
3 1804
282 1
50 37
36 16
2 128
10574 1
52 668
22 71
26 10
1368 1
211 10
767 1
1 472
2 51
202 1
3 374
22 54
79 3
4695 1
15313 1
2191 1
486 3
1 2986
1 329
2 930
3 391
2 382
25 67
23 45
159 8
1 250
24 261
11 1
196 3
54 97
1 107
2 708
7 85
779 4
21640 2
233 2
125 20
54 16
24 35
6 151
9 433
10 90
30 25
738 5
128 1
20 23
1951 82
6 38
10 45
798 2
67 20
1 55652
896 6
1662 4
9 147
63 32
29 112
87 190
6 186
53 122
110 5
7 201
4 1486
1 12431
764 2
15 50
19 55
5 8
298 2
483 2
545 3
375 16
730 1
14 254
59 284
113 1
6 1854
227 9
28 46
156 27
341 17
55 2329
18 20
1 1378
5 9417
4 71
8 2
65 87
14 24
1 1171
169 17
61 3
8 145
246 1
47 80
17 101
1 888
41 38
98 8
5 716
27 12
13 2309
88 14
1 745
2 322
3 39
34879 1
2756 1
3 1755
34 2439
50 118
178 3
1 538
2 245
40 32
3 180
41 777
1649 3
154 40
16 14
16 57
1 395
329 6
2 100
3 197
576 1
6 676
3737 4
999 1
12 13
1 510
1 6160
1 292
8229 19
2 23
311 3
3 338
23 911
7838 5
49 16
965 2
126 6
1 341
2 902
11 750
3072 84
153 18
462 4
1 5742
31 17
1 198
8 217332
21 11
499 1
7 40
746 2
68 42
675 2
1465 3
1129 2
1 119
243 4
1329 1
44 51
36 139
2 1295
111 5
24 63
6 115
209 5
10 126
4813 2
9 68
20 43
77 6
6 2
9 318
191 2
52 324
3 4250
2 1105
1 1666
20 154
43 11
5547 2
33 17
342 5
6 2040
5 219
9 24
194 4
8 5444
15 22
555 5
131 107
5 108
62 23
113 8
962 1
123 7
160 11
1 24467
52 9
345 1
521 6
1091 3
1792 1
1 14261
1 3724
14 69
1505 5
1 954
1360 3
496 2
4 59
160 34
8 62
1 2705
404 2
1 811
4 4077
37 33
2 17082
575 62
95 139
478 1
99 204
6 1555
3772 11
2 2210
108 6
1 836
1 6833
37 14
1 1128
1308 1
5 544
5 2602
691 1
13 21
141 32
74 5
2 294
3 3
2524 2
64 19
410 3
657 2
5 454
70 89
1 614
2 217
3 144
25 360
278 10
46 22
2337 2
89 10
16 37
1 407
2 72
3 289
22 15
1 952
207 1
1478 2
12 49
1 1868
92 17
1 256
3 334
1037 1
173 2
10 355
10 164
1 177
3466 153
2 874
1012 7
25 59
8475 264
1188 2
324 1
1 9
1 34
129 21
21 47
1842 3
23 625
7 12
11 73
14 17
1154 1
54 41
1 83
475 4
537 1
2 3032
44 23
10 131
105 7
34 29
5 343
1305 4
441 5
24 27
6 95
10 18
1 5253
1 1917
185 8
494 2
1 2049
171 45
670 1
124 11
53 1
2 1077
3 1064
43 119
51 41
90 6
18 299
204 2
5 63
133 10
6 264
9 52
318 14
93 30
858 3
15 106
37 70
5 64
8 508
3649 1
14 182
146 22
38 8
7 1281
223 4
8 75
10019 1
1 4398
28 22
66 193
32 81
506 8
14 33
226 1
4 31
8 218
374 3
621 2
1 823
843 8
2 488
1 1243
41 22
4 174
118 4
266 14
47 8
1 672
516 1
4 317
923 1
84 3
13 57
141 68
235 105
101 4
1 8324
2 266
3 127
121 2
1 578
3 140
5493 2
103 7
16 1
1 499
2 44
439 1
22 43
10308 1
1 656
871 2
69 4
1 364
6 68
2 991
1525 1
405 2
598 8
12 164
1 157
1 2465
25 23
334 11
1 1227
1667 3
23 35
2 1493
1 14
186 2
78 12
371 2
618 1
11 117
84 64
769 1
1 1983
7 129
30 34
2449 1
513 4
205 8
6 59
7968 35
10 54
11 339
902 1
171 9
285 1
39 22
5 130
208 18
322 6
168 14
436 2
19 26
1 1659
5 19
42470 3
66 3
6297 1
180 15
56 21
402 1
2 3143
2 215
5 420
5 31946
1081 5
18 49
5 430
1488 1
4 108
887 1
3 629
1063 2
1 994
18 64
19 361
368 5
5 960
1717 1
9 643
17 120
236 4
1 8646
2 460
1214 5
27 35
28 280
2 4871
1 434
5 84
17 9
1 652
2 383
420 210
94 9
131 1
4 273
23 23
5 632
512 2
501 9
563 2
13 93
258 3
2 238
3 91
539 61
353 2
1 3221
29 31
467 6
50 34
1 430
2 129
30 360
3 232
97 5
93 7
26 11
46 78
12 106
2447 5
16 109
12769 1
1 479
2 48
3 377
79 2
101 582
1350 1
5 203
733 1
1 328
19 25
2 931
21 133
3 390
207 3
116 5
572 1
230 5
93303 5
1 249
6 2118
4201 2
1 2445
21 619
153658 3
82 4
1371 70
4 2595
418 2
1 106
665 3
495 16
850 1
44 72
7 84
48 11
233 1
2 5739
125 19
2345 3
15 102
1201 34
6 148
7 229
10 91
7 2018
2 21273
1079 1
861 2
215 6
12 200
128 2
1 1844
20 16
6 39
1 985
10 42
1 5325
181 3
57 13
366 1
247 34
9 146
104 16
2 2045
110 10
4698 1
5 230
6 321
579 1
4356 23
5 5039
5760 37
1040 2
1 6123
5 119
298 3
62 120
545 2
4 135
1873 350
52 54
659 6
183 1244
42 12
2 555
7 327
3 12363
1792 38
8083 9
9308 1
264 127
14 110
696 1
1005 9
18 21
1 1377
95 1
8 3
356986373 10
25 86
14 25
307 17
1 974
12 1181
61 2
538 1
2 4984
175 14
468 4
51 20
344 10
2 464
94 90
14 821
98 9
27 15
13094 1
212 1
88 15
1 744
3 38
4 501
23 59
795 2
64 8
1042 1
363 4
1 537
2 242
40 33
3 183
4 388
1017 7
3 7240
231 5
32 581
16 58
1141 1
1 394
2 101
3 196
12 14
16 73
73 8
1 315
2 20
311 2
3 341
97 402
558 1
49 23
12 157
965 1
1819 22
55 25
348 5
3327 12
1 2680
25 94
1063 1
31 16
92 2
129 8
193 19
21 10
314 4
1 1005
7 43
692 14
15 35088
1 118
377865 1
58 1
1 2330
6 225
10 236
11 189
12 594
10350 1
111 4
2 600
71 22
209 4
1311 1
158 79
36 449
20 52
77 5
2 2839
617 16
1533 2
546 12
904 6
774 4
43 10
11 488
33 16
1066 4
271 10
4 887
811 1
80 21
9 31
7 636
7 64
194 5
15 17
1 1443
76 33
1897 1
5 107
62 20
247 8
394 6
160 12
3 21512
52 10
15 134
1 1500
1 3808
99 17
1792 2
27 75
928 1
6 4690
1 953
327 1
38 124
496 3
4 36
350 1
8 63
1080 1
2030 1
9753 1
10532 3
3040 4
3 2224
1157 1
41 57
4 203
8 142
122 52
213 17
108 7
1 859
37 13
26415 1
222 11
167 4
444 1
145 4
47 35
13 20
74 2
2 295
3 2
88 48
23 95
20 90
1459 7
5751 1
50 27
657 1
2015 26
1 613
2 214
3 147
142021 1
1 29003
15273 9
16 38
1 406
1 8281
2 73
3561 1
3 288
22 12
443 57
9 1175
12 50
1 263
137 67
59 9
2 2308
173 1
49 51
31 103
287 9
19061 1
1 176
257 46
5122 1
25 58
12 32308
33 305
1 33
2 794
7 15
11 72
485 17
68 15
361 3
309 4
290 1
1657 7
1 82
58 37
8 978
44 16
11 217
105 6
10 2556
34 26
20 89
89 30
24 28
6 92
10 19
168 12
2065 1
87 3
2199 1
1106 3
1229 3
741 2
33 78
124 4
238 4
75 185
4 8296
5 173
8 671
9655 1
90 7
56 139
19 1
1 1566
4 1359
204 3
536 2
5 62
33 66
1 4955
1722 1
663 1
1105 1
1 1423
241 2
5 79
2785 1
38 9
1987 12
1256 2
99 13
136 1
11 1183
28 23
14 38
142 27
3 128
806 2
75 20
2483 9
4 24
532 9
1238 1
1 29419
9985 1
3 2611
621 1
2 489
4 175
47 11
1426 6
17 44
1 679
2 408
2 74693
3748 1
151 57
245 142
9 576
3 1137
13 56
306 2
491 2
2 267
3 126
121 1
4407 1
1 6333
1 577
2 186
3 143
885 2
103 6
1 6190
16 2
1 498
2 45
22 40
2647 1
69 3
16 145
3 625
27235 2
1 355
4524 1
2 988
3 429
405 1
7 333
680 1
45 62
2 6691
1 156
2 847
25 22
4737 1
1 13
186 3
78 13
4 1936
7 115
1 5574
8517 1
54 10
27898 19
58 57
115 8
461 12
1 5027
7 128
13 376
584 1
893 9
34 62
54 165
3 347
2 512
3 873
6 56
16 3860
10 55
2 1127
1 1880
6 459
63 14
2 1046
4 10713
59 6
100 1
29 27
170 15
507 1
754 2
683 2
5 18
9 87
49 1122
251 4
180 8
56 22
119 5
2 4211
32 15
18 46
1488 2
1 1284
824 28
6 1251
8 104
85 6
14 2
1 993
199 2
2 1626
1 1205
1470 1
5 325
28 234
1 1577
951 7
236 5
2 461
1 1062
4 131
2533 1
27 34
1683 1
88 52
17 8
1 643
348 32
202 4
1 26092
1 1111
23 22
563 5
13 92
1430 5
1 572
2 239
99 12
3 90
60 25
353 1
174 17
14 66
50 35
16 479
1023 4
36 18
2 158
3 235
97 4
1199 1
26 8
154 69
582 13
433 58
1544 6
1 478
2 49
1252 3997
301 3
486 1
287 48
1 335
20 733
662 4
21 132
695 2
1316 1
17 66
159 10
35 56
328 14
1 248
699 1
2 851
3 534
82 5
11 3
5648 1
2379 1
1 105
2 706
21 102
4 25
17 284
44 73
7 87
101 136
2 7197
1 1946
1 2222
1201 33
81 212
101 25
11 64
11 225
30 31
215 1
2089 5
128 3
3 3217
20 17
1 2334
1733 3
6 36
1918 1
10 43
22 77
1045 1
1773 1
181 2
1103 319
57 12
20 128
8 712
9 145
58 11
33 11
1196 2
332 1
3 1123
9 226
1 22384
30 328
693 8
15 60
2876 2
19 57
1162 1
5 118
8 294
100 44
545 1
18 131
2842 1
113 7
1215 4
42 13
5 391
113 9
9 988
160 80
14 111
18 18
1 1376
10 106
4 65
8 171
8 4
1366 3
502 2
431 2
14 30
1 973
678 1
19134 2
19 388
4 208
19 2136
61 1
13 158
51 23
1 894
2 465
1147 1
20 67
27 14
212 2
10 92
3 41
4 502
23 58
64 9
249 3
178 1
2452 6
1 536
1419 9
2 243
3 182
4 389
1264 1
2 527
1 393
329 4
2 98
3 199
22 97
761 9
12 15
912 5
1 314
2 21
73 1891
3 340
59 30
11 12
49 22
12 158
126 4
1 171
2 900
1 1583
524 1
121 388
31 19
92 3
21 9
1363 2
499 3
7 42
39 6673
11 47
34 132
2 1434
1 117
8 2755
58 14
1 2329
6 230
44 45
7 187
209338 2
24 1
178 19
6 113
11 1709
262 15
447 1
8045 1
2 3528
77 4
3191 1
38164 1
17233 1
191 12
1533 1
413 2
660 5
2 9880
114 11
43 13
2957 1
63 70
157 29
33 23
168 5
882 4
3610 1
5 217
9 30
194 2
503 12
379 2
52 100
15 16
5 106
777 1
9 111
7 652
84883 4
52 11
1 17823
1 1491
521 4
1879 1
8 81
28 12
3136 1
7678 1
18 118
1 1356
26 200
4 37
23 267
8 32
1845 2
47 129
16 457
1228 4
1 809
364 11
293 1
1 3457
8 143
1 443
14 357
17 71
145 10
11087 160
37 12
16532 1
1864 3
151 20
444 2
2524 4
2652 1
13 19
198 17
3059 1
74 3
50 32
3 5
1345 2
481 3
410 1
50 24
351 3
164 16
22544 1
3 146
278 8
117 16
1496 1
46 20
12 92
16 39
1 405
2 70
3 291
22 13
10996 1
80 11
12 51
36 78
13 326
1 48677
1 262
2 1017
59 8
244 4
45 53
1 225300
1058 28
12 130
1 183
3 449
1012 1
7 505
1206 1
139 1
36 107
324 3
200 49
1 32
1842 1
101 10
7 14
11 75
68 8
2 1406
608 13
1 81
1 2405
7 159
10 129
4 444
105 5
1376 2
298 4
256 1
18 1952
24 29
6 93
688 4
427 40
10 16
87 2
1358 1
63 21
1 22430
27 1027
124 5
53 15
3 216
238 5
39 108
1571 1
29 54
892 2
2 7830
90 4
7 4522
28 42
1290 3
5 61
9 58
2316 2
858 1
4104 1
55 177
241 1
5 78
355 9
13 627
655 4
109 10
1087 1
223 6
8 77
136 2
28 16
14 39
806 3
1053 2
189 3
374 1
2619 246
1 821
2 486
4 168
1 3565
833 16
27 89
1204 1
47 10
13 166
216 14
587 1
1 678
5113 1
2 409
1858 2
4 319
23 13
1 1289
1 21653
13 55
306 3
17 188
1 727
553 2
1077 2
3 97
22 207
4 462
3 1813
10 783
11 602
46 49
272 14
2 187
578 5
1 2836
704 1
26 53
103 1
16 3
6 196
1 497
2 42
4 69
1550 1
1 947
1957 1
69 2
16 146
4 2550
1 354
2 989
1 2614
244 24
1809 10
314 647
35 31
1 147
220 1
96 31
25 21
6 13796
803 2
72 24
1 12
4 517
21 65
3 586
78 18
7 114
4975 1
6232 1
1 1981
7 131
584 2
2090 1
3 3252
171 2262
2 2861
134 2
11 341
566 1
2 1124
973 1
1 2147
3181 2
1513 20
63 9
33 110
1803 1
4441 2
100 2
7 73
29 26
214 30
19 28
98616 18
5 17
905 3
9 86
1 12497
66 1
673 47
54 11
473 1
112 14
1 42077
5 418
51 19
119 4
17 348
13 1347
18 47
1 1307
4 110
8 105
65 72
28 116
85 5
14 3
5 3324
1285 2
421 3
15 681
2965 2
1 785
2 458
1 1061
1554 1
4 140
705 9
27 37
88 53
17 15
1 642
2 381
1 1995
1 1110
22 888
4 275
23 17
711 1
1076 7
37935 1
785 2
70 20
1 563
573 2
2 236
3 93
60 26
5 1015
1 688
2 4647
1 129749
1 1698
1307 1
1 428
25 1021
936 1
3 234
323 29
26 9
335 1
504 3
12 100
73 18
2 14
9761 1
22 53
79 12
3533 3
1 334
55 55
3 392
116 7
244 124
17 1456
452 1
1 255
2 848
190 16
44 187
82 2
173 6
2996 2
11 2
1353 3
23 62
1282 1
1 104
2 707
665 1
3 678
6 251
172 23
1 5409
4195 1
1 17251
54 23
2 626
9428 2
1 12048
6 138
7 231
10 89
11 224
13 288391
3 38396
128 4
437 6
20 18
2 3557
3 836
13 68
6 37
10 40
798 1
181 1
57 19
542 10
33 10
5537 1
1 1748
4 669
332 2
80 43
8 344
6 327
521908 1
15 63
19 56
1 1605
5 117
298 1
174 4
8293 1
1 639
16 595
1 8853
1 19316
113 6
4 947
42 10
351 4
1652 1
227 10
3 6753
449 4
15 221
18 19
95 3
5 279
8 5
9 812
2207 1
14 31
1 972
19134 3
4 209
11889 1
824 2
175 8
13 157
9 218
17 90
3 252
37 23
644 1
4 352
98 7
27 1
4330 1
212 3
36 10
434 5
1 750
2 321
3 40
23 53
1113 1
1 4861
249 2
1 543
40 35
3 185
7079 1
1 4087
1264 2
144 1
8 321
1 392
2822 2
2 99
140 3
3 198
3639 1
2 2447
2 67
26 109
1285 3
12 8
13 289
1246 1
1 313
2 18
629 1
49 21
508 622
1 170
55 27
2 901
3 484
56 4095
44 264
11319 4
13518 2
1002 4
181 417
1 219
1178 3
21 8
314 2
206 12
499 2
7 37
5843 12
11 46
95 119
68 21
1 63741
253 15
897 1
1 116
76 520
1576 1
219 48
20 71
24 2
6 118
9 466
7 203
2 2341
6925 1
1 1814
4 595
77 3
6 1
1348 4
1 5167
413 1
2 1068
59 15
1092 1
171 83
5 71
33 22
1 380
1746 2
147 26
5 216
9 29
194 3
503 15
379 5
15 19
1 1441
5 105
247 10
160 14
52 20
15 128
229 4
592 1
9 1023
28 13
4261 1
1977 8
4 5854
1 959
327 3
1 1347
5964 1
4 38
8 33
27 207
65 48
1 808
364 4
55 123
4 181
23 379
3 1562
1 1312
47 113
8278 20
108 1
217 4
37 11
222 9
259 1
577 14
762 2
11152 1
691 2
13 18
1 714
241 1229
2 293
3 4
2186 2
481 2
302 16
2618 1
13 99
127 5
2 212
3 149
4 1658
154 11
46 21
3 304
139 4
16 24
92 7
1 404
3871 1
2 71
3 290
22 2
207 2
283 594
12 44
69 45
51 1582
861 1
95 10
244 5
49 49
31 97
287 11
35 98
1 182
2531 55
25 56
210 4
90 606
21 40
1 39
793 3
1 992
978 1
7 9
4224 1
67 11
68 9
361 1
54 44
1 80
1 2404
4 1101
10 142
60 449
105 4
1207 1
34 24
20 91
2 570
21 270
24 30
81 19
688 5
10 17
16 642
265 120
309 3
303 4
494 1
1790 5
3717 1
124 6
53 14
1 9558
5 171
208 41
4 311
707 1
29 53
90 5
19 3
1 1564
10237 2
5 60
8 272
426 3
9 57
673 2
379 33
1519 471
17 126
2 3389
5 77
5 3085
1 4530
1103 10
38 15
223 1
8 78
136 3
1 2844
28 17
2504 1
4 159
18 91
4 26
189 2
123 258
51 33
179 20
30 201
7 4969
2 487
41 27
4 169
8 172
3 562
7 1062
47 21
340 1
34 20
17 34
1 677
2 406
23 12
1 3357
1555 33
84 14
46 93
1 726
553 1
2 265
37 57
3 96
117 66
20 103
1 5518
359 5
1 583
2 184
5 1143
704 2
22679 1
1 3135
1260 15
4877 45
16 4
325 6
1 496
510 2
2 43
202 5
439 2
15595 3
7 318
2 5206
69 1
100 105
1 353
898 17
131 3
59 23
338 34
106 6
1 146
220 2
3 572
25 20
82 31
11 25
196 43
72 25
2 1488
1 3
2 764
186 1
1 2519
2 2056
7 109
11 118
12 389
130 9
54 8
1 1980
1272 1
383 8
1 2368
13 91
461 10
390 14
266 8
584 3
2 384
73 514
203 607
22 3313
2 542
8 607
6 62
134 3
10 53
859 8
16060 1
788 4
4 555
63 8
2 4540
1 7483
532 1
1 1743
39 19
5 143
2 26627
100 3
29 25
32 291
507 3
1618 1
26 3227
19 31
76 20
5 16
19 244
446664 1
9 85
29 138
13 517
42 23
5 417
9668 1
32 1
43 9
643 38
455 1
1 1306
746 3
4 111
2104 11
85 4
1 1163
4 254
1753 3
36 19
1 784
2 459
1 1060
4 141
2 159
61 108
27 36
11 109
1 245664
17 14
1 641
202 2
1858 103
131 2
4 284
23 16
634 1
3 1140
36 56
13 90
4 4711
1 562
2 237
3 92
3 1950
60 27
1 1597
117 38
11 81
174 23
1 419
2 156
3 237
2 2472
2162 2
11 726
5 221
12 101
1 506
3814 2
73 17
861 216
2 15
3 378
6 591
79 15
248 9
301 1
11194 1
9567 4
1 333
2583 1
3 395
1387 1
70169 1
1316 3
31 57
452 2
8 276
1 254
699 3
96 60
1 2434
6339 11
58 678
82 3
11 5
15 981
2 1460
418 1
1 111
15 20
21 100
14701 50
7 81
48 14
233 6
1504 1
23 1119
24 39
647 1
7 230
10 70
138 19
4048 2
30 29
648 1
215 3
128 5
20 19
1733 1
6 26
1 668336
10 41
3 1256
2 1097
1 1722
4 527
43 35
8115 2
33 9
110 9
147 1
134 23
2224127 1
49 12
5 73
56 37
15 62
2259 2
9 113
3128 1
15 175
26 1567
42 11
1 1588
264 1
598 12
14 109
5 1080
18 16
1 1382
4 67
8 6
1366 1
19822 2
61792 1
14 28
1 963
91 763
4 210
3 1569
8 149
246 5
50 272
1579 1
1 57030
17 89
1 892
37 22
644 2
1 1024
4 353
98 4
3259 1
434 2
1 749
1 26062
24 826
866 1
4112 1
249 1
1 6474
6 919
18058 2
5 3330
2 241
40 36
1696 1
22 244
4 391
1095 1
5621 1
231 6
268 12
144 2
1 399
2 96
3 201
67 647
94 141
12 9
197 3
13248 1
1 312
2 19
3 342
1712 7
2 2367
558 4
1094 1
780 6
12 152
126 10
1 169
1012 47
595 1
82 84
524 3
18 87
931 3
2 1513
1 218
1 6702
2 821
2275 1
7 36
1 30504
11 33
25 901
68 22
1 75
1524 49
58 12
115 85
712 1
111 1
24 3
333 7
1311 2
10 122
1 30410
12 732
6084 1
20 55
77 2
200394 1
1 1984
6 6
191 14
1 47761
161 111
1 67
8 1762
39 74
43 15
1 12670
7 86
157 27
33 21
882 2
811 2
5 199
9 28
15 18
1898 151
2 3227
5 104
62 27
9 109
52 21
15 131
36 132
104 11
592 2
8 83
28 14
213 6
89 8
142 2
1 958
8 10681
4 39
8 34
101 47
1767 1
9 19593
1 815
2254 1
1660 1
4 182
8 177
354 3
17 69
145 8
37 10
330 4
4 325
151 22
8876 1
13 17
34 38
1 713
74 1
2 290
3 7
481 1
1777 5
50 22
88 157
127 4
2 213
1 91483
3 148
225 4
1327 1
29 1164
1574 2
1759 2
16 25
35 263
1 491
2 68
3 293
22 3
1 3139
1 668
11 798
1478 6
12 45
14 935
1 260
81 1
2200 1
59 10
244 6
120 12
1 5853
1 2976
1 181
827 1
1 2202
25 63
424 5
1259 2
1 193096
139 3
1 38
2 793
37 145
1 2506
7 8
11 77
68 10
1 87
2 24671
58 32
1808 2
44 19
10 143
105 11
1 2897
34 25
343 1
27 2292
256 3
2 571
519 2
6 83
1 5109
617 96
10 30
67 67
15 291
309 2
1 1905
124 7
53 13
1 42325
1 1723
5 170
29 52
90 2
19 2
5 59
8 273
6 268
9 56
673 1
136534 2
1 1420
5 76
62 55
7 754
156 40
63 45
3 174
18 201
38 12
4 116
2514 20
8 79
136 4
445 6
28 18
4 8071
1 1523
1 922
199 27
806 1
3 3042
4 27
23 297
3 1512
189 1
51 32
2 484
1 1247
4 170
1275 1
8 173
47 20
1 446
17 33
1 676
2 407
94 17
23 15
1241 2
13 53
306 1
57291 16
1 725
2 262
3 99
35 21
121 6
32 529
5 1095
4654 1
2 185
535 1
3 240
2 2501
93 11
1 3134
3936 2
12 66
1 6179
16 5
1 503
510 3
2 40
221 84
3 257
22 47
4 1774
4723 23
1 500
254 4
1 352
2 987
689 179
652 1
2 728
1 425
12 160
986 3
35 1
1 145
220 3
1 2469
25 27
45 168
11 24
5 42
40 1796
1 2
2147 2
21 79
25 132
7 108
3141 1
105 86
31 378
54 9
3 3113
58 196
3 733
152 1
7 253
1 36477
11 198
13 1836
16 592
1 1836
6 2315
205 4
6 63
10 50
637 1
1 1885
2934 1
242 11
63 11
191 70
1 5142
1519 20
532 2
39 18
5 142
11610 8
336 219
104 71
322 2
507 2
15 37
53 146
9295 15
19 30
2 17513
5 31
133 106
905 1
9 84
4 63752
288 13
19 143
1 1512
42 20
541 25
38 199
119 6
32 2
217 10
11 2503
18 45
1 1305
4 104
8 107
136 32
85 3
1384 1
14 1
1 998
6 5637
81 122
421 1
5 322
8 250
1 29428
1100 1
537 3
4 142
1 1783
1 6652
17 13
1 640
202 3
117590 1
755 1
131 5
585 10
316 31
38 61
84 35
8533 1
72 747
1 561
2 234
184 761
3 95
97 168
1798 2
1 26733
600 1
13450 611
2 2197
1023 1
1 418
2 157
3 236
150 13
2280 1
12 102
1 467
2 12
19 918
4 66
1 950
372 4
979 20
14 76
1 332
662 27
116 1
267 1
31 56
1 253
2 814
4 205313
149 45
1 5506
45 140
263 85
11 4
196 8
492 16
1 110
2 705
10 7637
7 80
48 15
749 2
2 15941
162 27
2 1316
1 1405
384 1
2 624
2 2972
2 5024
10 71
138 16
1001 8
30 2
4 4113
215 2
91 16
4584 1
20 28
749 3
8 207
967414 6
6 27
869 1
5 20885
57 17
374 20
721 10
5 1873
43 34
650 6
9 150
29 75
157 54
33 8
87 181
31741 3
1 1578
5 226
1104 4
7 68
2 654
214 56
986 1
15 57
56 70
19 58
369 1
5 115
298 15
9 112
66 99
19001 1
1816 1
5334 1
237 10
113 4
42 8
19 465
227 12
264 2
28 43
18 17
131 306
4 76
115 14
8 7
317 3
502 1
11 171
14 29
1 962
16061 7
1 1174
1 11097
4 211
776 12
61 30
3 184
51 24
17 88
1986 2
4 354
98 5
27 3
1545 1
1 748
6 132
2 351
2 395
3 42
209 8
8671 90
64 12
148 11
4114634 1
400 14
2 206
40 37
822 1
4 384
832 1
49 297
3993 4
231 1
5550 4
144 3
1 398
2 97
700 8
3 200
97 37
1678 1
5 890
12 10
1 1119
197 2
73 12
1 319
1 10210
2 16
3 345
49 11
128 18
1 168
348 1
21 165
1 2684
26 9258
2 2223
153 21
1622 7
1120 3
31 28
2892 2
1 217
129 12
2 818
21 22
3 631
7 39
11 32
1 74
58 13
2 314
3 644
78 72
1663 1
10 232
11 177
712 2
4 586
3211 1
2978 2
20 65
2 596
24 4
333 6
6 116
630 2
2392 2
447 2
2655 3
694 1
1 1812
20 48
4 605
77 1
6 7
191 9
484 5
35 28
1217 8
114 6
43 14
156407 1
228 2
265 24
29 47
33 20
342 30
218 24
6739 5
5 198
6 5631
6 289
9 3
925 21
194 1
86 19
379 7
416 11
1 2851
5 87
7 8104
62 24
9 108
247 4
10 1046
170 6
345 4
4949 1
1 1488
1 1768
5 504
8 84
3 48146
4715 1
213 5
89 15
142 3
1394 5939
1 1345
4 32
117 729
8 35
65 54
1 814
2 1537
1 1266
4 183
2715 1
540 1
389 1
17220 2
108 3
1 863
2 432
2220 1
1146 1
1626 1
2033 1
13 16
1 712
3 6
1037 2525
7 557
5 1088
164 19
2 210
40 1
3 151
1 3281
154 9
463 1
818 16
12 95
16 26
79 115
1 490
2 69
130 14
2 92
3254 3
429 2
12 46
16 169
1 283
790 5
59 13
7 357
45 50
1 15787
1 180
2 871
26 86
210 2
1 13360
197 4
1 37
793 1
7 11
2137 3
11 76
8 5978
68 11
37069 43
6833 5
1 86
537 4
7 2835
1 2426
280 27
44 12
944 2
2 611114
105 10
34 22
25 29
77 84
1 2283
81 17
61 10
10 31
138 40
926 1
5 103
12 194
2 1183
309 1
238 834
39 152
469 79
2012 1
53 12
1324 3
5 169
522 5
2131 1
9 174
170 3
1 375
90 3
19 5
5 58
6 269
426 1
9 63
1 7423
3 16769
5 75
49433 5
18 198
38 13
4 117
223 3
1 3776
8 112
136 5
28 19
321 31
14 42
142 31
43459 31
75 8
378 3
4 4
3 1515
3 2886
7 1637
3 4604
51 35
1 778
1 6822
2 485
772 1
41 25
4 171
341 5
155 1
47 23
340 3
17 32
326 42
2 404
19 558
94 22
8 1737
23 14
1241 1
84 8
377 2
1 6400
6 926
1 724
2 263
99 8
3 98
517 2
50 59
3532 1235
272 1
1 581
2 182
2663 2
1 3133
942 2
103 2
140 8
16 6
3139 1
1 502
2 41
3 256
757 1
14 35
254 5
1 359
1587 1
45 22
106 4
1 144
2 843
442 2
25 26
11 27
874 1
1282 8
1 1
19506 1
2 762
186 15
3 591
78 17
3 2606
7 111
10 209
11 104
38 165
12 391
2 2109
54 14
857 2
25 2784
3 732
152 2
6 57
1 14589
10 160
6902 1
11 249
30 39
31 266
1 7711
2696 3
2 540
205 3
1 990
134 1
10 51
1 1884
4 533
242 8
4415 1
171 12
63 10
603 1
90 116
53 96
2 1042
3764 2
39 13
5 141
1375 1
9 202
7 563
29 23
322 3
6553 1
432 719
15 36
76 22
3730 1
5 30
8 270
1404414 1
9 91
3113 1
15 85
56 26
1 1519
720 1
42 21
1 788
1 4508
119 1
4 15650
32 3
341 7
18 42
2 1703
1 1304
4 105
5 304
8 108
85 2
14 6
1 997
276 12
4 248
5 321
17 115
236 1
2 33184
1 1082
4 143
387 1
111 6
27 38
890 2
819 2
14 288
17 12
1 647
2 376
28541 4
3 49
131 4
4 286
23 18
4 342
1 674
1 4184
13 88
785 7
70 11
1 560
2 235
3 94
477 11
4 429
94 47
1 417
2 154
150 2
26 20
335 2
582 1
51 113
73 23
1 466
81 10
2 13
3 380
79 9
27 1497
3348 4
4 630
415 11
1 323
55 48
2 956
21 128
1 2583
116 2
6 1430
338 4
2104 14
514 3
1 252
24 267
82 1
11 7
2194 3
489 1
2 1458
1 109
2 734
1 2353
632 79
44 69
7 83
10 245
491 1
11 148
233 4
23 75
2 10094
1 34718
1 9793
1767 2
1 18249
24 41
6 137
22605 2
101 5
4689 10
738 2
437 3
20 29
4 634
3694 1
6 24
67 26
43410 1
1452 1
1 2124
778 3
2796 7
104 21
33 15
3 64
1267 2
147 3
132 341
80 46
7782 1
15 56
42 102
5 114
1 11729
9 119
15 169
22413 2
42 9
351 1
264 3
28 36
32 47
43 12
1 7248
18 14
2 1675
113 148
6 400
4 77
457 2
5 276
8 8
28 91
1 961
51 26
1332 2
4 2168
468 1
1 798
108 24
1 882
3 10943
37 20
1 1030
4 355
98 2
151 12
27 2
12858 2
1298 1
88 20
2 19681
2 348
3 45
23 54
3 1729
10 883
249 7
13 124
12 68
1 540
1783 1
2 207
3 186
2 3611
832 2
10 233
1 6393
16 63
137 13
1 397
329 8
2 126
3 203
22 101
1 3173
814 1
12 11
305 23
13 350
197 1
7 385
1 318
2 17
1 4645
49 10
2926 4
126 8
1 175
1 10002
348 2
46 122
277 10
595 3
10 439
102 17
5 35
1537 1
1134 1
1 216
129 3
314 1
37 434
7 38
13 339
11 35
19 412
3 5439
1 73
5 1624
58 10
1400 1
1 2333
6 218
7 183
465 4
543 1
11 176
1814 2
1 17228
79 11
111 3
24 5
6 117
2 996
11 257
765 2
16 158
1 1899
20 49
6 4
299 10
25 445
532 84
660 1
1 1668
7 6105
114 7
5 180
43 1
4 943
1 4745
228 3
450 5
33 43
110 43
1 1589
3 1091
2 13564
9 2
86 16
3 2779
15 28
1 1446
42 90
5 86
247 7
123 29
160 1
52 23
16 200
99 20
28 8
213 4
14 79
1 956
4 33
27 3848
5 264
8 36
1 21987
4 17235
1 1265
4 176
540 2
725 10
1 6538
4221 2
1 862
37 8
330 2
94 59
259 2
151 16
762 1
13 15
913 1
1066 217
1 719
74 15
3 9
35 62
23 90
481 7
50 20
198623 1
127 6
2 211
40 2
5 1040
38 89
103 25
103 9
16 27
1 489
1 17927
130 15
3 295
22 1
26 76
83 21
429 1
12 47
13 322
73 47
1 282
6 345
4107 2
11903 5
1108 1
4739 1
38 14
31 98
21 26
1 139
2788 1
2 868
884 1
3 453
25 61
2171 1
210 3
139 5
3 1175
1 36
21 41
33895 5
7 10
29 718
2 18284
21 69
608 1
1 85
2 646
8 17997
775 1
44 13
7 155
14 4025
100 11
4 249
105 9
1429 4
256 5
20 102
2 569
2455 1
1 2282
6 81
10 28
30 91
34 151
3134 1
2 1180
1 155788
185 18
4 562
1 2075
9 348
63 17
2012 2
124 1
161 9
53 11
2 1039
1 1760
275 1
19929 3
460 3
3 4043
929 12
33 55
367 9
19 4
5 57
9 62
1 6954
108 56
18 180
4 364134
113 114
241 5
39 334
5 74
4 58566
62 53
392 1
14 184
109 6
38 2
4 118
223 2
136 6
1494 1
14 43
877 1
1 920
18 86
2 1651
75 11
1 1196
4 5
65 17
374 5
118 16
472 13
1 777
112 20
41 24
4 148
98 91
61 69
47 22
13 162
17 39
1 1102
23 9
84 9
377 1
13 51
101 3
2 260
3 101
22 195
24 16
121 4
1223 1
272 2
1 580
643 21
2 183
535 3
3 242
15769 1
26 49
46 52
12 124
140 9
16 7
1 501
8 2883
2 38
130 19
3 259
22 45
500 31
2 9462
1 358
81 4
2 985
1 1805
723 1
45 21
139 208
12 162
106 5
35 3
19 1414
1 151
5193 34
2 840
3 545
22 271
25 25
6095 1
11 26
72 28
4 2613
2 763
3233 1
13 45
11 107
30 149
840 1
125 9
54 15
239 1
152 3
6 162
24 191
1 557
6 2313
71131 1
205 2
8 578
6 61
1 5079
7 780
10 48
319 14
19861 2
3 107
2 1120
3 565
1 2151
17715 1
356 1
4 117727
470 25
2 1043
73641 1
39 12
5 140
208 8
9 201
7 562
168 15
1 8988
19 32
2937 3
5 29
8 271
9 90
237 36
274 46
3 1890
27440 119
42 18
3 1320
227 18
32 4
15 197
18 43
4 106
5 319
4204 1
5 185
480 4
85 1
14 7
1 996
1 292753
1 1160
1788 1
4 72
15061 1
1 1086
28 231
122 6
32 226
1 789
2 454
4 136
109 282
1 4142
828 5
1 433
17 3
1 646
1 41289
2 377
3 48
131 7
4 287
3 3509
64 34
501 19
7 1172
178 22
70 8
1032 1
2 232
3 65
4 19406
353 4
1455 1
192 134
2134 11
3 281
107 21
144 25
1 416
2 155
221 5
3 238
14467 1
150 3
93 6
26 21
1421 2
12 96
16 99
1 465
2 10
3 383
79 8
1 21116
248 12
1 13661
177 48
548 1
186273 1
8 354
1 322
955 1
3 396
1 3148
116 3
292 218
10 400
338 5
84 737
1 243
921 2
7 61
135 8
11 6
372 23
1 108
2 735
7 82
48 1
11 151
471 1
1 2209
6 142
10 69
5 112
1 261
215 28
79 25
437 2
20 30
77 27
6 25
69 8
9 117
181 13
43 36
1 4780
104 22
65 388
5 91
33 14
291 2
218 2
147 2
39 48
1860 22
5 224
801 1
11525 3
1 1625
5 113
298 13
9 118
545 4
32 433
1101 7
19 173
1 1482
264 4
598 3
156 18
32 32
1869 2
42298 1
2541 1
18 15
2 1672
934 1
5 1403
4 78
8 9
317 1
28 84
122 171
100 7266
1 960
1 1172
24 538
61 28
354 6
4649 1
1650 2
468 2
1579 2
331 101
37 19
4 364
98 3
27 5
505 3
88 21
434 1
2 349
40 152
3 44
22568 1
15092 2
7 1272
66 1621
45 69
1 531
18 723
2 204
1 2855
5 983
231 3
144 5
1 396
2 127
99 36
3 202
2 2443
5 888
1293 27
1 13576
12 4
729 3
689 4
1 16092
1 317
311 24
95 14
1 27938
173 23
780 1
49 9
12 155
163 1
1 174
348 3
8 10
25 32
1 13062
1866 1
8 64
1 223
129 2
428 5
21 20
499 6
7 33
11 34
18 66
2 1431
1 72
2 675
367 7
280 1
1040 12
48 45
1885 5
1 4418
111 2
24 6
6 106
447 12
1 732
20 50
3 932
6 5
4301 45
1 13042
10 398
57 51
114 4
5 179
100 119
29 45
450 2
33 42
697 3
882 1
5 196
9 1
7 67
1 7911
15 31
2 1866
19 88
1 1445
7 1493
5 85
8 455
160 2
8 304
645 5
4 915
830 3
8 86
28 9
928 7
213 3
89 13
142 1
2 66
2 1644
1 1351
4 34
8 37
65 52
47 7
85 57
1 812
6 164
4 2437
4217 6
611 1
4 177
61 32
8 180
2686 11
2 6242
17 58
1 861
2291 1
330 3
1 1121
163 4
259 5
151 19
9 558
1 46809
13 14
1 718
2 289
3 8
4 471
77 1159
5085 3
5 821
13 415
127 1
2 208
40 3
3 153
1 2197
12490 13
16 28
4 23560
1 488
6 82
93 2
1 2748
22 6
117 140
83 20
12 40
1 281
1180 2
3 439
7339 2
244 1
466 7
395 1
19900 1
637 3
1 138
4 1209
2 869
96 8
25 60
1099 1
45 65
94 342
5 1193
1 59
2 788
4 8923
7 5
2 5891
5211 1094
11 78
732 12
1 84
25 913
6 199
44 14
266 16
105 8
158 2
3 114
343 2
1429 3
256 6
590 1
2 566
3 883
81 23
134 27
997 1
10 29
33738 2
802 17
87 25
185 17
64 100
63 16
926 150
124 2
161 8
53 10
1077 1
20 325
9 172
400 1
212 164
90 1
19 7
1 1552
497 1
5 56
4737 2
1 3116
9 61
36 25
15 115
1 1409
1343 1
3 1231
355 12
392 2
2125 1
2 24088
109 5
146 17
38 3
117 6
4 119
42 206
8 114
136 7
1 4391
4740 2
14 40
1 927
1066 2
75 10
4 6
1 3703
28 156
1 424
16 1724
1029 20
843 1
2 483
293 32
1090 2
4 149
226 5
118 31
155 3
28 307
47 17
17 38
4 675
2 402
131 42
23 8
886 16
1 4210
13 50
17 183
1 554
2 261
2 1253
3 100
359 1
272 3
606 2
2 180
3 245
2 2496
278 41
2286 2
325 2
36 75
2 39
130 16
1 2712
22 34
1676 95
79 55
167 6
11 1948
1 3328
1 357
55 46
2 982
476 1
3 1047
3 1210
12 163
106 2
35 2
7 20661
1 150
96 20
1 2490
25 24
807 1
82 27
11 29
2 25215
1 7
4 717
1 2347
7 105
1054 2
19 108
382 5
125 8
2 1375
54 12
32 228
3 734
152 4
580 204
1251 1
2 1230
2 538
205 1
6 50
134 7
10 49
67 32
65 35
4 3067
4 535
1 411
5 1914
43 59
1 1421
356 2
1 1731
1010 3
39 15
80 68
208 9
137 3
29 21
322 1
15 38
19 35
5521 1
5 28
1824 1128
1 4705
108 42
375 4
1337 11
473 4
56 28
15 185
42 19
119 3
156 15
32 5
1 3764
37 345
19 257
38 47
4 107
5 318
2 926
14 4
1 1019
9 5815
4 250
51 1
108 54
3 2190
4 137
5 720
1137 1
17 2
1 645
3 51
3434 1
4 280
84 46
70 9
1 566
255 7
2 233
99 15
168 1
113 5
4 431
121 39
1 423
2 152
221 4
3 209
6 688
26 18
335 12
1421 1
2 7635
73 21
32 7027
2 11
3 382
55 391
2077 1
1131 1
38 69
548 2
841 24
1 321
3 399
116 12
7433 1
338 2
5 6406
267 2
85 11
514 1
1 242
2 813
3 540
921 1
7 60
135 11
11 57
12 470
1 99
1053 1
3428 1
7 77
48 2
533 5
1 1948
2 591
99 156
24 43
6 143
10 66
30 1
15693 1
437 1
20 31
6 30
1 1802
29629 3
2 1093
1231 1
1 1726
366 8
12 881
1 1646
78 444
5145 4
33 13
2 5874
218 3
147 5
39 51
1 979
6 312
579 6
20 136
86 10
6 216
1233 5
3 1270
8 300
616 1
3098 3
12563 4
783 1
918 2
1 1481
166 13
6653 3
5 385
1 879
264 5
28 38
8259 5
32 33
341 25
14 113
18 12
4 79
132 4
5 274
1 11505
65 47
28 85
27 88
564 7
1 2993
1 967
1 1259
4 222
61 27
283 1
530 2
1 880
37 18
37 4
27 4
212 8
505 2
1 392254
1 737
7 4474
2 346
3 47
23 48
1520 2
1 530
1783 3
2 205
101 1
3 188
1 3274
46 2
231 2
148 38
7 1305
144 6
1 387
2 124
3 205
885 1
12 5
1 316
385 4
25 438
49 8
234 4
52251 14
1 173
55 22
21 315
3 491
31 25
5663 1
1 222
129 1
21 19
7 32
907 30
11 37
3 29
1 79
58 8
17 28
280 2
48 46
5 668
2 1287
111 13
13620 3
24 7
6 107
262 1
5 1254
4 600
1 2109
1 521
